consumer,product,intensity,freshness,jasmin,rose,camomille,fresh.lemon,vanilla,citrus,anis,sweet.fruit,honey,caramel,spicy,woody,leather,nutty,musk,animal,earthy,incense,green,liking
171,Angel,2,-1,-1,-2,0,0,0,-2,1,-2,0,0,2,-2,-2,2,-2,0,0,0,-2,3
171,Aromatics Elixir,2,-2,2,-2,0,0,0,-2,0,-2,0,0,2,0,-2,0,-2,0,0,0,-2,3
171,Chanel N5,0,-2,0,0,0,0,0,-2,0,0,0,0,0,0,0,0,0,0,0,0,-1,7
171,Cinema,2,0,-2,0,0,0,0,-1,0,0,0,0,0,-1,0,0,-1,0,0,0,-2,6
171,Coco Mademoiselle,2,1,-1,-2,0,0,0,-1,-2,0,0,0,0,-1,-2,0,-2,0,0,0,-2,6
171,J'adore EP,2,1,-2,-2,0,0,1,-1,-2,0,0,0,2,-2,-2,-2,-2,0,0,0,-2,5
171,J'adore ET,0,0,0,0,0,0,0,-2,0,0,0,0,0,-2,-2,0,-2,0,0,0,-2,6
171,L'instant,2,-2,0,-2,0,2,0,-2,-1,-2,0,0,2,-2,-2,1,-2,0,0,0,-2,3
171,Lolita Lempicka,2,-2,-2,0,0,0,0,-2,0,0,2,2,2,-2,-2,0,-2,0,0,1,-2,3
171,Pleasures,0,0,0,0,0,0,0,0,0,-2,0,0,0,0,-2,0,-2,0,0,0,-2,5
171,Pure Poison,0,0,-1,-2,0,-2,0,-2,0,-2,0,0,0,-2,-2,0,-2,0,0,0,-2,6
171,Shalimar,2,0,0,-2,0,0,0,-1,0,-2,0,0,1,0,-1,0,0,0,0,-1,-2,3
553,Angel,1,-2,1,-2,2,-2,2,-2,1,-2,2,1,2,2,1,1,1,2,2,2,-2,3
553,Aromatics Elixir,-1,-2,2,-1,2,-2,2,-2,0,-2,1,1,0,1,0,0,0,0,0,1,-2,5
553,Chanel N5,2,-1,1,-1,1,2,2,-2,1,-2,0,1,-1,2,1,1,1,0,1,1,2,1
553,Cinema,2,-2,0,-1,2,-1,2,-2,0,-2,2,2,0,0,-1,1,1,1,0,1,-2,4
553,Coco Mademoiselle,0,-1,0,-2,1,-2,1,1,0,-1,1,1,-1,0,0,2,0,0,1,1,2,7
553,J'adore EP,0,-1,1,0,1,0,1,0,0,0,1,1,0,0,0,0,0,0,0,0,-2,8
553,J'adore ET,-2,-2,2,-1,2,-2,2,-2,-1,-2,2,1,-1,-1,-1,-1,1,0,0,1,-1,6
553,L'instant,0,-2,2,-2,1,-2,2,-2,-1,-1,1,0,-2,-1,-1,0,1,0,2,0,-1,4
553,Lolita Lempicka,2,-2,2,1,2,-2,2,-2,0,-2,2,2,-1,-1,-1,0,2,2,1,0,-2,3
553,Pleasures,0,-2,2,-1,0,2,1,0,0,2,2,1,-1,-1,-1,0,2,0,1,0,0,6
553,Pure Poison,-1,-2,1,-1,1,-1,1,-1,-1,-2,2,2,-1,0,-1,0,1,0,0,0,-2,5
553,Shalimar,2,-2,2,-1,2,-2,2,-2,2,-2,2,2,-2,0,0,0,1,0,1,2,-2,3
991,Angel,-1,-2,0,-1,-2,-1,0,0,-1,-2,-1,0,0,-1,-1,0,-2,0,0,1,-1,7
991,Aromatics Elixir,-2,-2,0,-1,-1,-2,-1,-1,-1,-2,-2,-1,-1,0,0,-1,0,0,0,1,-2,6
991,Chanel N5,-2,-1,0,-1,-1,-2,0,-1,-1,0,0,0,0,-1,0,0,0,0,1,0,-2,8
991,Cinema,1,-2,-1,-1,-2,-2,-1,-1,-2,0,-1,-1,-2,-1,0,-1,0,0,1,0,-2,6
991,Coco Mademoiselle,2,-2,-2,-1,0,-2,-1,-2,-2,-1,0,1,2,0,1,0,0,1,1,1,-1,7
991,J'adore EP,-1,-1,0,-2,-1,0,0,0,-2,0,-2,0,-2,0,-1,-1,0,1,0,0,-2,7
991,J'adore ET,0,0,0,0,0,0,0,0,0,0,0,0,0,0,-1,0,1,1,0,0,-2,8
991,L'instant,0,0,0,-1,-1,0,0,-2,-2,0,-1,0,1,0,-1,0,1,1,0,1,-2,9
991,Lolita Lempicka,1,-2,-2,-2,0,-2,0,-2,-1,0,-2,1,0,1,1,0,1,2,1,2,-2,6
991,Pleasures,-1,-2,-2,-2,-1,-2,-1,-1,-2,0,-1,-1,-1,-2,-1,-2,0,-1,0,0,-1,8
991,Pure Poison,0,0,-1,-1,0,0,-1,0,-1,0,-1,0,0,0,0,0,0,-1,1,0,-2,7
991,Shalimar,0,0,-1,-1,0,0,-1,0,-2,0,-2,0,-1,-1,-1,-1,0,0,0,0,0,6
1344,Angel,1,0,0,0,-1,-1,0,0,-2,2,2,0,0,-1,-1,-1,-1,1,0,1,-1,5
1344,Aromatics Elixir,-1,-2,0,0,0,-2,0,-1,0,0,-1,-1,1,-2,0,0,0,0,2,0,0,6
1344,Chanel N5,0,0,-1,0,0,1,-1,-1,-1,-1,-2,0,0,1,1,-2,0,-2,0,-1,1,8
1344,Cinema,0,-2,0,-2,-2,-2,0,-2,-2,1,-1,-2,-1,-2,-2,-2,2,0,-2,-1,2,8
1344,Coco Mademoiselle,0,1,0,1,-1,0,0,-1,0,-1,-2,0,0,-1,1,1,2,0,-1,0,2,6
1344,J'adore EP,1,2,-1,-1,-1,1,-1,0,1,1,-1,0,0,-1,-1,-1,-2,0,-1,0,2,9
1344,J'adore ET,0,2,0,0,0,0,0,1,0,0,-1,0,0,-1,2,-1,0,0,-1,0,2,7
1344,L'instant,-2,-1,-1,-1,-1,-2,2,-1,0,-2,-1,0,-2,-1,-2,-1,0,-1,-1,0,-1,6
1344,Lolita Lempicka,-2,1,0,1,-1,0,1,0,2,1,0,0,-1,0,0,-1,2,2,-1,0,0,8
1344,Pleasures,0,0,0,-1,-2,1,0,-2,0,0,-2,0,-1,-1,-1,-2,-2,-1,-1,0,0,7
1344,Pure Poison,-2,2,-1,-2,1,1,0,0,0,-1,-1,0,0,-1,0,0,-2,-2,0,0,1,7
1344,Shalimar,0,-1,0,-1,0,-2,1,-1,0,0,-1,0,0,2,1,0,2,0,2,0,-1,8
1661,Angel,0,1,0,0,1,1,0,0,0,0,1,0,2,0,1,0,0,0,0,1,2,5
1661,Aromatics Elixir,1,0,1,-1,0,1,-2,0,1,0,1,0,0,-1,0,-1,-2,0,0,-1,1,4
1661,Chanel N5,2,-2,1,2,-1,-2,-1,1,0,1,0,1,1,1,2,-1,2,2,0,2,2,1
1661,Cinema,0,1,1,0,0,-1,0,0,0,0,0,0,0,0,0,0,1,0,0,0,0,7
1661,Coco Mademoiselle,1,0,0,0,0,1,0,0,0,1,0,0,0,0,0,1,0,0,0,0,1,5
1661,J'adore EP,0,0,0,0,-1,1,0,2,0,1,0,0,1,0,0,1,0,0,0,0,1,5
1661,J'adore ET,0,0,0,-1,-1,0,0,0,0,1,0,0,0,0,0,0,-1,0,0,0,1,7
1661,L'instant,0,0,0,0,0,0,1,0,0,1,0,0,0,0,0,0,0,0,0,0,1,7
1661,Lolita Lempicka,1,0,1,0,0,-1,1,0,1,0,0,1,1,0,0,1,0,0,0,0,0,7
1661,Pleasures,0,0,0,0,0,0,0,0,0,0,0,0,0,0,0,0,0,0,0,0,0,7
1661,Pure Poison,0,0,0,0,0,1,0,-1,0,1,0,0,0,1,0,1,0,0,0,0,1,6
1661,Shalimar,0,0,1,1,0,1,-1,1,0,1,0,0,2,1,1,1,1,0,0,1,1,3
1679,Angel,0,-2,-1,0,0,0,0,0,0,0,0,0,0,0,0,0,0,0,0,0,-1,5
1679,Aromatics Elixir,2,0,0,0,0,0,0,0,0,1,0,0,1,0,0,0,0,-2,0,0,-1,4
1679,Chanel N5,0,0,-2,0,0,0,0,0,0,2,0,0,0,0,0,0,0,0,0,0,0,5
1679,Cinema,0,0,-2,0,0,0,0,0,0,0,0,0,0,0,0,0,0,0,0,0,0,6
1679,Coco Mademoiselle,0,0,-1,0,0,-1,0,-2,0,0,0,0,0,0,0,0,0,0,0,0,0,5
1679,J'adore EP,0,0,-2,0,0,0,0,0,0,0,0,0,0,0,0,0,0,0,0,0,0,6
1679,J'adore ET,-2,0,-2,0,0,0,0,0,0,0,0,0,0,0,0,0,0,0,0,0,0,5
1679,L'instant,2,0,-2,-2,0,0,-2,0,0,0,1,0,0,0,0,0,0,-2,0,0,-2,3
1679,Lolita Lempicka,0,0,0,0,0,0,0,0,0,0,0,0,0,0,0,0,0,0,0,0,0,5
1679,Pleasures,-2,0,0,0,0,0,0,0,0,0,0,0,0,0,0,0,0,0,0,0,0,7
1679,Pure Poison,-1,-2,-2,0,-2,0,0,0,0,0,1,0,0,0,0,0,0,0,0,0,0,5
1679,Shalimar,2,0,0,0,0,2,0,0,0,0,0,0,1,0,0,0,0,0,0,0,0,2
1755,Angel,0,0,0,0,0,0,0,0,0,0,0,-1,0,-2,0,2,0,0,0,0,0,9
1755,Aromatics Elixir,-1,0,0,-2,0,0,0,0,0,0,0,-1,0,-1,2,2,0,0,0,0,0,9
1755,Chanel N5,0,0,-2,0,-2,0,-1,-2,1,1,0,-1,0,0,0,-1,0,-1,0,0,0,8
1755,Cinema,-1,0,-1,-2,0,-1,0,0,0,0,-2,0,0,0,0,0,0,0,0,0,-2,6
1755,Coco Mademoiselle,-1,0,0,0,0,0,0,0,0,0,0,0,0,0,1,0,1,0,0,0,0,8
1755,J'adore EP,2,2,-1,2,1,2,2,2,0,1,-2,2,0,-1,-2,1,2,0,2,1,0,6
1755,J'adore ET,-2,0,0,0,0,0,2,0,0,0,0,1,0,1,0,0,0,0,0,-2,1,6
1755,L'instant,1,0,0,0,-2,0,0,2,1,0,0,0,0,-1,0,-1,-2,0,0,0,1,9
1755,Lolita Lempicka,2,0,2,2,-2,0,-1,1,0,2,0,-2,0,0,0,-2,0,0,0,-1,-1,8
1755,Pleasures,0,0,0,0,-2,0,-1,-2,0,-1,0,0,0,-1,0,-1,0,0,0,-1,0,8
1755,Pure Poison,0,0,0,0,0,0,0,0,0,-2,0,0,0,0,0,0,0,0,0,0,0,9
1755,Shalimar,-1,-1,-2,-2,-2,-2,-2,-2,-2,-2,-2,0,2,-2,2,2,2,0,0,0,0,9
1761,Angel,-1,-1,0,1,1,-1,-1,-1,-1,1,0,1,0,2,2,2,2,1,1,2,-1,4
1761,Aromatics Elixir,0,-1,1,-1,-1,-1,-1,-1,-1,1,1,0,-1,0,-1,-1,0,-1,0,0,0,6
1761,Chanel N5,-1,-1,-1,0,0,-1,-1,-1,-1,1,1,0,-1,0,0,-1,0,0,0,-1,-2,5
1761,Cinema,-2,-2,1,-1,2,-2,-2,-2,-2,-1,-1,-2,-2,-1,-1,-2,-1,-1,-1,-1,-2,5
1761,Coco Mademoiselle,-2,-2,-2,-2,-1,-2,-2,-2,-2,-2,-2,-2,-2,-1,-1,0,1,0,0,0,-2,5
1761,J'adore EP,-1,0,0,-1,0,0,-1,0,-1,-1,0,-1,-1,-1,-1,-1,-1,-1,-1,-1,0,6
1761,J'adore ET,2,0,1,0,0,0,0,-1,-1,-1,-1,-1,0,1,1,0,0,0,0,0,0,7
1761,L'instant,0,-1,1,0,-1,-1,-1,-1,-2,-1,0,-1,0,-1,-1,-1,-1,0,0,-1,-1,7
1761,Lolita Lempicka,-2,-2,-2,-2,-2,-2,-2,-2,-2,-2,-2,-2,-2,-2,-2,-2,-1,-1,-1,-1,-2,5
1761,Pleasures,1,2,0,0,0,2,1,1,-1,0,1,0,2,0,0,2,2,1,1,1,2,6
1761,Pure Poison,-2,-2,0,0,0,-2,-1,2,-1,1,-2,0,0,0,-1,1,2,1,2,2,-1,5
1761,Shalimar,0,-2,-2,-2,2,1,-2,2,2,2,2,2,2,2,2,2,2,2,2,2,-1,4
1801,Angel,-2,-1,0,0,0,0,0,0,0,0,0,0,0,0,0,0,0,0,0,0,0,6
1801,Aromatics Elixir,2,0,2,0,0,0,0,0,0,0,0,0,0,0,0,0,0,0,0,0,0,1
1801,Chanel N5,-1,-2,0,0,0,0,0,0,0,0,0,0,0,0,0,0,0,0,0,0,0,6
1801,Cinema,-1,-2,-1,0,0,0,0,0,0,0,0,0,0,0,0,0,0,0,0,0,0,6
1801,Coco Mademoiselle,0,-1,0,0,0,0,0,0,0,0,0,0,0,0,0,0,0,0,0,0,0,6
1801,J'adore EP,-2,-1,0,0,0,0,0,0,0,0,0,0,0,0,0,0,0,0,0,0,-1,7
1801,J'adore ET,1,0,0,0,0,0,0,0,0,0,0,0,0,0,0,0,0,0,0,0,0,6
1801,L'instant,2,-2,0,0,0,0,0,0,0,0,0,0,0,0,0,0,2,0,0,0,0,1
1801,Lolita Lempicka,-1,-2,-2,-2,0,0,0,0,0,0,0,0,0,0,0,0,0,0,0,0,0,5
1801,Pleasures,1,0,0,0,0,0,0,0,0,0,0,0,0,0,0,0,0,0,0,0,0,7
1801,Pure Poison,0,0,0,0,0,0,0,0,0,0,0,0,0,0,0,0,0,0,0,0,0,7
1801,Shalimar,-2,-2,0,0,0,0,0,0,0,0,0,0,0,2,0,2,0,0,0,0,0,4
1956,Angel,0,-2,-1,0,0,-1,-1,0,2,0,2,0,-2,-2,2,0,0,0,0,0,0,3
1956,Aromatics Elixir,0,-2,-1,-1,1,0,-1,0,0,0,0,0,-1,-2,2,0,0,0,2,1,0,5
1956,Chanel N5,0,0,0,0,0,0,-1,0,0,0,0,0,-2,-2,0,0,0,0,0,0,0,6
1956,Cinema,-2,-1,0,0,0,0,-1,0,0,0,0,0,0,-2,0,0,0,0,0,0,0,7
1956,Coco Mademoiselle,0,0,0,0,0,0,-1,0,0,0,0,0,-2,-1,0,0,0,0,0,0,0,7
1956,J'adore EP,0,0,0,0,0,0,-1,2,0,0,0,0,-2,-2,0,-1,-1,0,0,0,0,7
1956,J'adore ET,0,0,0,0,0,0,-1,0,0,0,0,0,-2,-1,0,0,-1,0,0,0,0,7
1956,L'instant,-2,-2,-1,-2,0,0,-1,1,0,0,0,0,-2,-1,0,0,0,0,0,0,0,5
1956,Lolita Lempicka,0,-1,0,0,0,0,0,0,0,0,0,0,-2,-2,0,0,0,0,0,0,0,8
1956,Pleasures,-2,0,0,0,0,0,-1,0,0,0,0,0,-2,-2,0,0,-1,0,0,0,0,6
1956,Pure Poison,-1,0,0,0,0,1,-1,1,0,0,0,0,-2,-2,0,0,0,0,0,0,0,5
1956,Shalimar,0,0,0,0,0,0,-1,0,0,0,0,0,-2,-2,0,0,0,0,0,0,0,7
2119,Angel,2,-1,2,-1,-2,-2,-2,-2,-1,-1,-1,-1,-1,-2,-1,-2,1,-1,0,1,0,5
2119,Aromatics Elixir,2,-2,1,-1,0,-1,-1,0,0,0,0,0,-1,0,1,0,1,1,0,0,1,5
2119,Chanel N5,1,0,0,0,0,0,0,0,0,0,0,0,0,0,0,0,0,0,0,0,0,6
2119,Cinema,0,-1,1,0,-1,-1,0,0,1,0,1,0,0,0,0,0,1,0,0,0,0,6
2119,Coco Mademoiselle,0,0,0,-1,0,0,0,0,0,0,-1,0,0,0,0,0,0,0,0,0,0,8
2119,J'adore EP,1,0,0,1,1,0,1,0,0,0,0,0,0,0,0,0,0,0,0,0,0,7
2119,J'adore ET,-1,0,-1,-1,0,-1,-1,-1,0,0,-1,0,0,0,0,0,-1,0,0,0,0,8
2119,L'instant,0,0,0,-1,-1,1,-1,1,0,0,0,0,0,0,0,0,0,0,0,0,0,7
2119,Lolita Lempicka,0,0,0,0,0,0,-1,0,-1,0,0,-1,0,0,0,-1,0,-1,0,0,0,7
2119,Pleasures,0,0,-1,0,0,-1,-1,0,0,0,1,0,0,0,0,0,0,0,0,0,0,7
2119,Pure Poison,0,0,0,0,-1,0,-1,0,0,-1,0,-1,-1,0,0,0,0,0,0,0,0,7
2119,Shalimar,2,-2,1,1,0,-1,-1,0,0,-1,-1,0,-1,0,0,2,1,0,0,0,0,5
2529,Angel,2,-2,-2,-2,-2,0,2,0,0,0,0,2,2,2,2,1,2,1,2,2,-2,2
2529,Aromatics Elixir,2,-2,-2,0,0,0,0,0,0,0,0,0,0,2,2,1,0,2,2,0,0,1
2529,Chanel N5,2,-2,-2,-2,0,-1,1,0,0,0,0,0,0,0,0,0,0,0,0,0,0,6
2529,Cinema,-2,-2,0,0,0,0,0,0,1,0,0,0,1,0,0,0,0,1,0,2,0,4
2529,Coco Mademoiselle,-2,0,1,0,0,0,0,0,0,2,0,0,0,0,0,0,1,0,0,0,0,7
2529,J'adore EP,2,1,0,0,0,0,0,0,0,0,0,0,0,0,0,0,0,0,0,0,0,7
2529,J'adore ET,1,0,1,0,0,0,0,0,0,0,0,0,0,0,0,0,0,0,0,0,0,6
2529,L'instant,2,0,2,0,0,0,0,0,0,0,0,0,0,0,0,-1,0,2,0,0,0,7
2529,Lolita Lempicka,2,-2,0,0,0,0,0,0,0,0,0,0,0,0,0,1,1,0,0,2,0,5
2529,Pleasures,0,-2,-1,0,0,-2,0,0,0,0,0,0,0,0,0,0,0,0,0,0,0,6
2529,Pure Poison,2,-2,2,1,0,-2,2,0,0,0,0,0,0,0,0,0,0,-1,0,0,0,6
2529,Shalimar,2,-2,-2,0,0,0,0,0,0,0,0,0,0,0,0,0,0,0,0,2,0,3
2909,Angel,2,2,2,2,2,2,2,2,2,1,2,2,2,2,2,-1,2,2,2,2,1,2
2909,Aromatics Elixir,2,2,2,2,2,2,1,2,2,1,2,2,2,0,2,1,2,0,2,1,2,5
2909,Chanel N5,1,0,-1,0,-1,0,-1,-1,-1,0,-1,1,0,0,-1,2,0,1,0,1,-1,7
2909,Cinema,-1,1,0,-1,0,0,-1,0,0,-1,0,-1,0,0,0,1,0,0,1,1,0,6
2909,Coco Mademoiselle,1,2,2,1,0,1,-1,2,2,0,2,0,1,1,2,0,2,1,2,0,2,7
2909,J'adore EP,-2,-1,-2,-1,-2,-2,-2,-1,2,1,2,-1,2,-1,2,-1,2,1,2,2,2,6
2909,J'adore ET,1,2,2,2,-1,1,1,1,2,2,1,-1,0,1,1,0,1,1,1,0,2,6
2909,L'instant,-1,-1,0,0,0,-2,-1,-1,-2,-1,-1,-1,-1,1,2,1,1,1,2,2,1,6
2909,Lolita Lempicka,2,1,2,2,2,-1,2,1,2,0,2,-1,2,2,2,2,2,2,2,2,2,5
2909,Pleasures,1,-1,-2,-2,1,2,-1,-1,2,1,2,1,2,1,1,-1,-1,-1,-1,-1,2,4
2909,Pure Poison,1,2,2,2,1,2,2,1,2,2,-1,0,1,-1,-1,0,1,1,2,1,2,7
2909,Shalimar,0,-1,0,0,-1,0,0,0,0,0,2,-1,0,0,0,0,0,0,0,0,1,7
2936,Angel,-2,-2,-2,-2,-2,-2,-2,-2,-1,-2,-2,-2,2,-2,0,-1,1,2,2,-2,-2,3
2936,Aromatics Elixir,-1,-2,1,-2,-2,-2,-2,-2,0,-2,-2,-2,1,0,0,0,0,0,0,-1,-2,5
2936,Chanel N5,1,-2,-2,-2,-2,-2,-2,-2,-2,-2,-2,-2,0,-1,-1,-1,2,2,2,1,-2,3
2936,Cinema,0,0,0,0,-1,0,-1,0,-1,0,0,-1,0,-1,0,0,0,0,0,0,-2,9
2936,Coco Mademoiselle,0,-2,1,-2,-2,-2,-2,-1,-2,-2,-2,-2,-2,-2,-2,-2,0,-2,0,0,-2,7
2936,J'adore EP,-2,-1,0,-2,-1,-2,-1,-2,0,-1,-1,-1,0,-1,-1,0,0,0,0,0,-2,7
2936,J'adore ET,0,-1,0,0,-2,0,-2,0,0,0,-1,-1,0,-1,-2,-1,0,0,0,0,-2,6
2936,L'instant,1,-2,-2,-2,-2,-2,-1,-2,0,-2,-2,-1,0,0,0,0,0,2,0,1,-2,6
2936,Lolita Lempicka,-2,-2,-2,-2,-2,-2,1,0,-2,2,2,2,-2,2,-2,0,0,0,0,-1,-2,4
2936,Pleasures,-2,-2,1,-2,-2,-2,-1,0,-2,-1,-2,-2,0,-2,-2,-2,0,-1,0,-2,-2,8
2936,Pure Poison,0,-2,-2,-2,-2,-2,0,-2,0,-2,-2,-1,0,0,0,0,0,1,0,1,-2,6
2936,Shalimar,1,-2,-2,-2,-2,-2,-1,-2,-1,-2,-2,0,-2,-2,-2,-2,0,2,0,0,-2,2
2996,Angel,1,-2,-2,-1,0,-2,0,-1,-1,1,2,1,0,1,0,1,1,0,2,2,-2,5
2996,Aromatics Elixir,1,0,-1,-2,0,1,1,-2,0,0,0,1,0,1,1,0,0,0,1,1,0,6
2996,Chanel N5,0,0,-1,-1,-1,0,0,0,-1,0,1,0,0,-2,0,0,-1,0,0,1,-1,7
2996,Cinema,0,0,0,-1,0,0,1,0,1,0,0,1,-1,1,2,0,-1,0,1,1,0,6
2996,Coco Mademoiselle,0,0,0,0,1,0,0,0,0,-2,0,0,0,-1,0,0,1,0,1,1,0,5
2996,J'adore EP,1,-1,1,-1,0,-2,1,1,1,0,1,0,0,0,0,-2,0,0,1,0,0,7
2996,J'adore ET,2,-2,1,-2,1,0,1,0,1,0,1,0,-1,-1,0,0,1,0,1,1,0,6
2996,L'instant,0,-2,1,0,-1,0,2,-1,1,-1,1,1,0,1,-1,0,0,0,2,1,-1,5
2996,Lolita Lempicka,-1,-2,-2,-1,0,-1,1,-2,1,-2,1,0,-2,1,0,-1,2,1,1,2,-1,5
2996,Pleasures,0,-1,-1,-1,0,-2,0,-1,0,-1,1,0,-1,0,0,-1,0,0,1,1,0,6
2996,Pure Poison,0,0,1,-2,0,0,0,0,0,0,2,1,0,0,0,0,-1,1,1,0,-1,7
2996,Shalimar,1,-1,-1,-1,-2,-1,0,-2,1,-1,1,0,-2,0,0,-1,1,0,1,1,-1,4
3242,Angel,2,-2,2,0,2,0,2,0,2,-1,2,2,2,1,0,2,0,0,0,2,2,5
3242,Aromatics Elixir,2,2,-2,-2,0,2,-1,0,1,0,2,0,2,2,2,2,2,2,2,0,2,1
3242,Chanel N5,2,0,-2,-2,0,-2,1,0,0,-2,0,0,2,2,1,1,2,2,2,0,1,3
3242,Cinema,0,0,0,-1,0,0,0,0,0,0,2,1,0,0,0,2,1,0,0,0,0,5
3242,Coco Mademoiselle,0,0,0,0,0,2,0,0,0,0,0,0,0,2,0,0,0,0,0,0,0,8
3242,J'adore EP,2,2,2,1,0,2,0,2,0,0,0,0,0,0,0,0,0,0,0,0,0,7
3242,J'adore ET,2,1,0,2,0,1,0,0,0,1,0,0,0,0,0,0,0,0,0,0,0,7
3242,L'instant,2,2,2,0,0,2,0,0,2,0,1,0,0,0,0,2,0,0,0,0,0,7
3242,Lolita Lempicka,0,-2,2,0,2,0,2,2,0,2,1,2,0,0,0,2,0,0,0,0,0,7
3242,Pleasures,-2,-1,0,0,0,2,0,0,0,0,2,1,0,0,0,2,0,1,0,0,0,5
3242,Pure Poison,2,1,0,1,0,2,0,0,0,0,0,0,1,0,0,0,-2,0,0,0,0,7
3242,Shalimar,-2,0,2,-2,2,2,2,0,2,-2,2,2,2,2,2,2,2,2,2,2,2,3
3371,Angel,2,-2,2,-2,0,-2,2,2,2,2,2,2,2,0,0,2,2,0,2,2,-2,1
3371,Aromatics Elixir,2,-2,2,2,2,2,-2,2,0,2,-2,-2,0,-2,1,2,2,0,2,0,-2,2
3371,Chanel N5,2,0,0,0,0,0,-2,1,2,0,-2,-2,0,0,0,2,0,0,2,0,-2,7
3371,Cinema,-2,0,0,0,-2,0,-2,0,0,-2,0,0,0,0,0,1,2,0,1,0,-2,9
3371,Coco Mademoiselle,2,-2,2,2,0,-2,-1,0,0,-1,-2,-2,-2,0,0,0,0,0,2,0,-2,6
3371,J'adore EP,0,-2,-1,0,0,1,-2,0,1,0,-2,0,0,0,0,0,0,0,2,0,-2,8
3371,J'adore ET,0,0,1,-1,0,-1,0,0,2,-2,-2,-1,1,-2,-2,0,0,0,0,0,-2,8
3371,L'instant,2,2,0,2,0,2,0,0,2,0,1,0,-2,0,0,0,0,0,2,2,0,7
3371,Lolita Lempicka,-2,0,2,0,0,0,0,0,0,0,2,0,0,0,2,0,0,2,2,0,0,8
3371,Pleasures,0,0,0,0,0,0,0,0,0,0,0,0,0,0,0,0,0,1,0,0,2,9
3371,Pure Poison,2,0,0,0,0,0,-2,0,1,0,-2,-2,0,1,-1,1,0,0,2,0,-2,4
3371,Shalimar,2,-2,2,2,0,2,-2,2,2,0,-2,0,2,-1,2,2,1,0,2,0,-2,5
3541,Angel,1,-2,-1,-1,0,-2,-2,-2,1,0,0,-2,2,-2,0,0,2,2,0,2,0,3
3541,Aromatics Elixir,2,-2,2,-1,2,-2,-2,-1,0,0,0,-2,2,0,0,-2,2,2,0,0,0,3
3541,Chanel N5,1,-2,2,0,0,-2,-2,-1,0,0,0,-2,2,0,0,-1,0,0,2,0,-1,4
3541,Cinema,0,0,0,0,1,-1,0,0,0,0,0,0,-1,0,0,0,0,0,0,0,0,8
3541,Coco Mademoiselle,1,0,0,-2,0,0,-2,0,0,0,0,0,0,0,0,0,0,0,0,0,-2,9
3541,J'adore EP,0,0,0,-1,0,0,-1,-1,0,1,0,0,0,0,0,-1,0,0,0,0,0,8
3541,J'adore ET,1,-1,2,-2,0,-2,-1,-1,0,0,0,-1,1,0,0,-1,0,0,0,2,0,6
3541,L'instant,-1,-1,1,-1,0,-2,-1,-1,0,0,0,-1,0,-1,1,-1,0,2,0,0,0,5
3541,Lolita Lempicka,0,0,0,0,0,-2,1,0,1,0,0,0,0,0,1,0,0,0,0,0,0,7
3541,Pleasures,1,-2,1,0,0,-2,-1,-1,0,1,0,-1,1,1,0,0,0,2,0,2,0,6
3541,Pure Poison,2,-2,2,0,0,-2,-1,0,0,1,0,-1,1,0,0,0,0,0,0,1,0,6
3541,Shalimar,1,-2,-2,-2,-1,-2,-2,-2,0,0,0,-2,-2,0,0,0,0,0,0,0,0,5
3670,Angel,0,0,-1,-1,-1,-1,0,-1,0,-1,0,0,0,0,0,0,1,0,0,-1,0,7
3670,Aromatics Elixir,0,0,0,-2,-1,-1,0,-2,0,-1,0,-1,-2,0,0,-1,1,0,0,-2,1,4
3670,Chanel N5,0,0,-1,-2,-1,-1,0,-2,-1,-1,0,0,0,0,0,0,0,1,1,-1,0,7
3670,Cinema,-2,-1,0,-2,-1,-1,0,-2,-1,-1,1,-1,-2,-1,1,0,1,1,0,-2,1,6
3670,Coco Mademoiselle,0,0,-2,-2,-2,-2,-1,-2,-1,-2,-1,0,-1,-1,0,-1,0,0,0,-2,-1,5
3670,J'adore EP,0,0,0,-1,0,-1,0,-2,0,0,0,0,0,-1,1,0,0,0,1,0,0,8
3670,J'adore ET,2,-2,-2,-2,-2,-2,-2,-2,-1,-2,-1,-1,-2,-1,1,-1,1,1,0,-1,1,5
3670,L'instant,-2,0,-1,0,0,0,1,-2,0,0,0,0,0,0,1,1,1,0,0,-1,0,8
3670,Lolita Lempicka,0,0,0,-2,-1,-1,0,-2,0,0,0,0,0,0,1,0,0,1,0,0,0,8
3670,Pleasures,0,0,-1,-2,-2,-2,-1,-2,-1,-2,-1,-2,-1,-1,1,-1,1,1,1,0,1,5
3670,Pure Poison,1,0,0,-2,-1,-1,-1,-1,1,0,1,0,-1,-1,0,0,1,1,0,-1,0,6
3670,Shalimar,2,0,-1,-2,-1,-2,-1,-2,-1,-1,0,0,0,-1,1,0,1,0,0,0,1,6
3763,Angel,-2,-2,-2,-2,-2,-2,-2,-2,-2,-2,-2,-2,-2,-2,-2,-2,-2,-1,0,-1,-2,4
3763,Aromatics Elixir,2,0,-2,-2,-2,0,-2,0,-2,-2,-2,-2,-2,2,0,-2,-2,0,0,0,0,6
3763,Chanel N5,2,0,-2,-2,-2,0,0,0,-2,-2,-2,-2,-2,-2,0,-2,-2,0,0,0,0,6
3763,Cinema,-2,-2,-2,-2,-2,-2,-2,-2,-2,-2,-2,-2,-2,-2,0,-2,-2,-1,0,0,-2,5
3763,Coco Mademoiselle,2,0,0,0,0,0,-2,2,-2,0,-2,0,0,2,0,0,0,0,0,0,0,6
3763,J'adore EP,1,0,0,0,0,0,0,0,-2,0,0,0,-2,0,0,0,-2,0,0,0,0,8
3763,J'adore ET,0,0,0,0,-2,0,-2,0,-2,0,-2,0,-2,-2,0,0,0,0,0,0,0,8
3763,L'instant,2,0,-2,-2,0,0,2,2,0,0,-2,-2,-2,-2,-2,0,-2,0,0,0,0,6
3763,Lolita Lempicka,-2,-2,-2,-2,-2,-2,-2,-2,-2,-2,-2,-2,-2,-1,0,-2,-2,0,0,0,-2,6
3763,Pleasures,2,0,0,0,0,0,0,0,0,0,-2,0,0,-2,-1,-2,-2,0,0,0,0,6
3763,Pure Poison,2,0,2,2,-2,2,0,2,0,2,-2,0,2,-2,0,0,0,0,0,0,0,6
3763,Shalimar,2,0,0,0,-2,2,-2,0,-2,0,-2,-2,-2,-2,0,-2,-2,0,0,0,2,6
3764,Angel,2,-1,0,1,0,0,0,0,0,0,0,0,0,0,0,0,0,0,0,0,0,4
3764,Aromatics Elixir,0,0,0,0,0,0,0,0,0,0,0,0,0,0,-2,1,2,2,0,-2,0,5
3764,Chanel N5,0,0,0,0,0,0,0,0,0,0,0,0,0,1,0,1,-2,0,0,1,0,5
3764,Cinema,-1,0,-1,-1,0,-2,0,0,0,0,0,0,0,0,0,-2,0,0,0,2,0,5
3764,Coco Mademoiselle,0,-1,1,-2,0,-2,0,0,0,0,0,0,0,0,0,0,0,0,0,0,0,6
3764,J'adore EP,-2,0,0,-1,0,0,0,0,0,0,0,0,0,0,0,0,0,0,0,0,0,6
3764,J'adore ET,0,-1,1,0,0,-1,0,0,0,0,0,0,0,0,0,0,0,0,0,-2,0,6
3764,L'instant,0,0,0,0,0,0,1,0,0,0,0,0,0,0,0,0,0,0,0,0,0,4
3764,Lolita Lempicka,-1,0,0,0,0,0,0,0,0,0,0,0,0,0,0,0,0,0,0,0,0,6
3764,Pleasures,0,0,0,0,0,-1,0,-1,0,2,0,0,0,1,0,0,0,0,0,2,0,6
3764,Pure Poison,-1,0,0,0,0,-1,0,1,0,1,0,0,0,0,0,0,0,0,0,2,0,5
3764,Shalimar,1,0,2,0,2,0,0,0,0,0,0,0,0,1,0,2,0,0,2,2,0,4
4164,Angel,-1,-1,-1,-1,0,0,0,0,-1,0,0,0,-1,-1,0,-1,-1,0,0,-1,0,6
4164,Aromatics Elixir,-1,0,-1,0,-1,-1,0,-1,0,0,0,0,0,0,0,0,-1,0,0,-1,0,8
4164,Chanel N5,1,-2,-2,1,-1,0,-1,-1,0,0,0,1,-1,-1,0,-1,-1,0,0,-1,0,6
4164,Cinema,0,-1,-1,-1,-1,0,0,-1,0,-1,0,0,-1,0,0,0,0,0,0,-1,0,7
4164,Coco Mademoiselle,-1,-1,0,0,-1,0,0,0,0,-1,0,-1,-1,0,0,0,-1,0,0,-1,0,8
4164,J'adore EP,0,0,0,-2,0,1,0,0,0,0,0,0,0,0,0,-1,0,0,0,-1,0,7
4164,J'adore ET,-1,-1,-2,-1,-1,-1,-2,0,0,-1,-2,0,-2,0,0,-1,-2,0,0,0,0,7
4164,L'instant,-2,-2,-1,-2,-1,0,2,0,0,0,-1,2,-2,-2,0,-1,-2,0,0,-1,0,6
4164,Lolita Lempicka,-1,-1,-1,-2,-1,-2,-1,-1,0,-1,0,0,-1,-1,0,-1,-1,0,0,0,0,5
4164,Pleasures,-1,-1,-1,-1,-1,0,0,0,0,0,0,-1,-1,-1,0,0,-1,0,0,-1,0,8
4164,Pure Poison,-1,-1,-1,-1,-1,0,0,0,0,0,-1,0,0,1,0,0,-1,0,0,-1,0,7
4164,Shalimar,-1,-1,-2,-2,-1,1,-1,-1,0,0,-1,0,0,1,2,0,-2,0,0,-1,0,5
4238,Angel,2,2,0,0,0,0,0,0,0,0,0,0,0,0,0,0,0,0,0,0,0,3
4238,Aromatics Elixir,0,0,0,0,0,0,0,0,0,0,0,0,0,0,0,0,0,0,0,0,0,4
4238,Chanel N5,0,0,0,0,0,1,0,0,0,0,0,0,0,0,0,0,0,0,0,0,0,7
4238,Cinema,2,-2,0,0,0,0,0,0,0,0,0,0,0,0,0,0,0,0,0,0,0,4
4238,Coco Mademoiselle,0,0,0,0,0,0,0,0,0,0,0,0,0,0,0,0,0,0,0,0,0,6
4238,J'adore EP,2,0,0,0,0,1,0,0,0,0,0,0,0,0,0,0,0,0,0,0,0,4
4238,J'adore ET,0,0,0,0,0,0,0,0,0,0,0,0,0,0,0,0,0,0,0,0,0,6
4238,L'instant,1,1,0,0,0,1,0,0,0,0,0,0,0,0,0,0,0,0,0,0,0,3
4238,Lolita Lempicka,2,0,0,0,0,2,0,0,0,0,0,0,0,0,0,0,0,0,0,0,0,3
4238,Pleasures,2,-2,0,0,0,0,0,0,0,0,0,0,0,0,0,0,0,0,0,0,0,2
4238,Pure Poison,0,0,0,0,0,0,0,0,0,0,0,0,0,0,0,0,0,0,0,0,0,7
4238,Shalimar,2,-2,0,0,0,0,0,0,0,0,0,0,2,0,0,0,0,0,0,0,0,3
4529,Angel,0,0,0,0,0,0,0,0,0,0,0,0,0,0,0,0,0,0,0,0,0,9
4529,Aromatics Elixir,-1,0,-2,0,0,0,-1,0,0,-1,0,0,1,0,0,0,0,0,0,0,0,3
4529,Chanel N5,2,2,1,2,1,2,1,1,2,0,0,0,-2,-2,0,-2,-2,0,0,1,0,3
4529,Cinema,-2,-2,-1,-2,-2,-2,-1,0,0,-2,-2,-1,-2,-2,0,-1,-2,0,0,0,0,7
4529,Coco Mademoiselle,-2,-1,-2,-2,-2,-2,-2,-2,0,-1,0,-1,-2,0,0,0,-2,0,0,0,0,7
4529,J'adore EP,0,0,0,0,0,0,0,0,0,0,0,0,0,0,0,0,0,0,0,0,0,8
4529,J'adore ET,-2,-2,-2,-2,-1,-2,-2,0,0,0,0,0,0,-2,0,0,-1,0,0,0,0,7
4529,L'instant,0,-2,-2,-2,1,-2,-1,1,1,2,1,0,0,0,0,0,0,0,0,2,0,3
4529,Lolita Lempicka,0,0,0,0,0,0,0,0,0,0,0,0,0,0,0,0,0,0,0,0,0,8
4529,Pleasures,-2,0,-2,-2,0,2,-2,0,0,-1,-1,-2,2,-2,0,-2,-2,0,2,2,0,2
4529,Pure Poison,-2,0,0,0,0,0,0,0,0,0,0,0,0,0,0,0,0,0,0,0,0,8
4529,Shalimar,1,0,0,0,0,0,-1,0,0,0,0,-2,0,0,0,0,0,0,0,0,0,6
4640,Angel,0,0,0,0,0,0,0,0,0,0,0,0,0,0,0,0,0,0,0,0,0,8
4640,Aromatics Elixir,0,0,0,0,0,0,0,0,0,0,0,0,0,0,0,0,0,0,0,0,0,8
4640,Chanel N5,0,0,0,0,0,0,0,0,0,0,0,0,0,0,0,0,0,0,0,0,0,8
4640,Cinema,0,0,0,0,0,0,0,0,0,0,0,0,0,0,0,0,0,0,0,0,0,8
4640,Coco Mademoiselle,0,0,0,0,0,0,0,0,0,0,0,0,0,0,0,0,0,0,0,0,0,7
4640,J'adore EP,0,0,0,0,0,0,0,0,0,0,0,0,0,0,0,0,0,0,0,0,0,8
4640,J'adore ET,0,0,0,0,0,0,0,0,0,0,0,0,0,0,0,0,0,0,0,0,0,7
4640,L'instant,2,0,0,0,0,0,0,0,0,0,0,0,0,0,0,0,0,0,0,0,0,9
4640,Lolita Lempicka,0,0,0,0,0,0,0,0,0,0,0,0,0,0,0,0,0,0,0,0,0,7
4640,Pleasures,0,0,0,0,0,0,0,0,0,0,0,0,0,0,0,0,0,0,0,0,0,7
4640,Pure Poison,0,0,0,0,0,0,0,0,0,0,0,0,0,0,0,0,0,0,0,0,0,8
4640,Shalimar,0,0,0,0,0,0,0,0,0,0,0,0,0,0,0,0,0,0,0,0,0,8
5014,Angel,1,-2,-1,-2,0,0,2,-1,0,-1,2,2,-1,-1,1,2,2,0,0,0,-1,5
5014,Aromatics Elixir,2,-2,-2,-2,0,-2,-1,-2,0,-2,0,-1,2,2,2,1,2,2,0,2,-2,2
5014,Chanel N5,0,-2,-1,-1,0,-1,0,-1,0,-1,0,2,0,2,2,2,0,2,0,0,0,3
5014,Cinema,0,0,0,0,0,0,2,0,2,-1,0,0,2,2,1,2,0,1,0,0,0,5
5014,Coco Mademoiselle,0,0,0,0,0,0,0,0,0,0,0,0,0,0,0,0,0,0,0,0,0,8
5014,J'adore EP,0,0,0,0,0,0,0,0,0,0,0,0,0,0,0,0,0,0,0,0,0,8
5014,J'adore ET,0,0,-2,0,0,0,0,0,0,0,0,0,0,0,0,0,0,0,0,0,0,7
5014,L'instant,0,0,0,-1,1,0,2,-1,0,-1,2,2,-2,0,0,1,2,2,2,2,0,4
5014,Lolita Lempicka,0,0,-1,-1,0,-1,2,-2,1,0,2,1,0,1,0,0,1,0,0,0,-1,6
5014,Pleasures,0,0,0,0,0,0,0,0,0,0,0,0,0,0,0,0,0,0,0,0,0,7
5014,Pure Poison,0,0,0,0,0,0,0,0,0,0,0,0,0,0,0,0,0,0,0,0,0,7
5014,Shalimar,2,-2,-1,-1,0,-1,1,-1,0,-2,0,2,1,2,1,2,0,0,0,0,0,4
5582,Angel,2,-2,-2,-2,2,-2,2,-2,1,-1,0,1,2,-1,1,1,2,0,2,2,-2,2
5582,Aromatics Elixir,2,-1,0,-1,0,-1,1,-1,0,-1,0,1,1,0,1,1,1,0,1,1,-1,4
5582,Chanel N5,1,-1,1,-1,1,-1,1,0,0,0,1,0,1,0,1,0,1,1,1,1,-1,5
5582,Cinema,0,0,0,0,0,0,0,0,0,0,0,0,0,0,0,0,0,0,0,0,0,8
5582,Coco Mademoiselle,0,-1,0,-1,0,-1,0,0,0,0,0,1,1,0,0,0,0,0,0,-1,0,7
5582,J'adore EP,0,0,0,0,0,0,0,0,0,0,0,0,0,0,0,0,0,0,0,0,0,9
5582,J'adore ET,0,0,0,0,0,0,0,0,0,0,0,0,0,0,0,0,0,0,0,0,0,9
5582,L'instant,1,1,1,-1,1,1,1,0,0,-1,1,1,2,0,1,1,1,1,1,0,-1,5
5582,Lolita Lempicka,1,-1,1,0,0,-1,1,-1,0,-1,1,1,1,0,0,0,0,0,0,0,0,6
5582,Pleasures,0,0,0,0,0,0,0,0,0,0,0,0,0,0,0,0,0,0,0,0,0,7
5582,Pure Poison,0,0,0,0,0,0,0,0,0,0,0,0,0,0,0,0,0,0,0,0,0,8
5582,Shalimar,2,-2,1,-2,1,-2,1,-2,1,0,0,2,2,0,1,1,2,1,2,2,-2,3
6584,Angel,-2,-2,0,0,1,-1,0,0,0,0,0,-1,0,-1,0,0,0,0,0,0,-1,8
6584,Aromatics Elixir,1,-2,1,1,0,2,0,0,-1,0,0,0,-1,0,0,0,0,0,1,0,0,6
6584,Chanel N5,0,0,0,0,0,-1,-2,0,-1,-1,-2,-1,-2,0,0,1,0,0,0,0,0,6
6584,Cinema,-2,-1,-1,-1,0,0,-2,0,0,0,0,0,0,0,0,0,0,1,0,0,-1,8
6584,Coco Mademoiselle,0,0,0,0,0,0,-1,0,0,0,0,0,0,0,0,0,0,0,0,0,0,8
6584,J'adore EP,-1,0,0,0,0,0,-1,0,-1,0,-1,0,0,0,0,0,0,1,0,0,0,7
6584,J'adore ET,0,0,0,0,0,-1,0,-1,-1,0,-1,0,0,0,1,0,-1,1,0,0,-1,7
6584,L'instant,1,1,1,1,-1,-1,-2,-1,-1,-2,-2,-2,-2,-2,0,-2,-1,0,0,1,0,6
6584,Lolita Lempicka,0,0,0,0,0,0,0,0,0,0,0,0,0,0,0,0,0,0,0,1,0,8
6584,Pleasures,0,0,0,0,0,0,0,0,0,0,0,1,1,0,0,0,0,0,1,0,0,7
6584,Pure Poison,0,0,0,0,0,0,0,0,0,0,0,0,-1,0,0,0,0,0,0,1,0,8
6584,Shalimar,-1,-1,-1,-1,0,-2,0,-2,-1,-1,-2,-2,-1,-1,0,-2,0,1,0,1,-2,6
6637,Angel,0,0,0,0,0,1,0,0,1,0,0,0,0,0,0,0,0,0,0,0,0,8
6637,Aromatics Elixir,2,1,0,0,0,0,0,-1,0,0,0,0,2,0,0,0,0,0,0,0,0,3
6637,Chanel N5,0,0,-1,0,0,0,0,0,0,0,1,0,0,0,0,0,0,0,0,0,0,8
6637,Cinema,1,0,0,0,1,1,0,0,0,1,0,-1,-1,1,-1,0,-1,-1,0,0,-2,3
6637,Coco Mademoiselle,0,0,-1,0,0,0,-1,0,0,0,1,0,-1,0,0,-2,0,0,0,0,0,4
6637,J'adore EP,2,0,-2,-1,0,-1,0,0,0,2,0,-2,-2,0,0,-2,-2,-2,0,0,-1,4
6637,J'adore ET,1,0,-1,0,0,-1,-2,0,0,1,0,-1,-2,-1,0,-2,-1,0,0,0,0,5
6637,L'instant,-1,0,-1,0,0,0,1,0,0,0,0,1,0,0,0,0,-1,0,0,0,-1,6
6637,Lolita Lempicka,0,0,0,0,0,0,1,0,0,1,0,0,0,0,0,0,0,0,0,0,0,7
6637,Pleasures,0,1,-2,1,0,0,0,-2,0,0,0,-1,0,0,0,1,0,-1,1,0,0,5
6637,Pure Poison,0,0,0,0,0,0,0,-1,0,0,0,0,0,0,0,1,0,0,0,0,0,8
6637,Shalimar,1,-1,-1,0,1,0,-2,1,1,1,1,0,1,-1,0,-1,0,0,0,1,0,6
6667,Angel,0,-1,0,0,0,0,0,0,0,0,0,0,0,0,0,0,0,0,0,0,0,8
6667,Aromatics Elixir,0,0,0,0,0,0,2,0,0,0,2,1,0,0,0,0,0,0,0,0,0,4
6667,Chanel N5,0,-2,0,0,0,-2,-2,-2,0,-1,0,0,-2,-2,0,-1,2,0,0,0,-1,5
6667,Cinema,-1,-1,-1,-1,0,0,-1,0,0,0,0,0,-1,0,1,0,0,0,0,0,-1,6
6667,Coco Mademoiselle,0,0,0,0,0,0,0,-1,0,0,0,0,-2,-1,0,0,0,0,0,0,-1,8
6667,J'adore EP,-2,-1,-1,-2,0,0,0,0,0,0,0,0,-1,0,0,0,0,0,0,0,-1,8
6667,J'adore ET,-2,0,0,0,0,0,0,0,0,0,0,0,0,0,0,0,0,0,0,0,0,7
6667,L'instant,-2,0,-1,-1,1,0,0,2,0,0,0,0,0,0,0,0,0,0,0,0,-1,6
6667,Lolita Lempicka,-2,-2,0,0,0,0,2,1,0,0,0,1,0,0,0,0,0,0,0,0,0,7
6667,Pleasures,-2,-1,0,0,0,2,0,0,0,0,0,0,0,0,0,0,0,0,0,0,0,5
6667,Pure Poison,-2,0,-1,-2,0,1,0,0,0,-1,0,0,-1,0,0,-1,0,0,0,0,0,6
6667,Shalimar,2,0,-1,-2,0,0,0,0,0,0,0,0,2,0,2,0,2,0,0,2,0,3
6695,Angel,2,-2,-1,0,0,-2,0,-2,0,0,2,0,2,1,2,0,2,0,2,2,0,7
6695,Aromatics Elixir,2,-2,1,0,-2,-2,1,-2,0,2,2,0,2,0,2,2,0,2,2,0,-2,6
6695,Chanel N5,0,0,2,-2,-2,0,0,0,0,0,2,0,0,0,0,0,0,-2,0,0,0,6
6695,Cinema,0,-2,2,-2,-2,-2,2,-2,-2,0,2,2,-2,-2,2,0,-2,0,0,-2,1,5
6695,Coco Mademoiselle,-2,0,0,-2,0,0,0,-1,0,-1,0,0,-2,-1,0,-2,-2,0,0,-2,0,6
6695,J'adore EP,0,0,0,0,0,0,0,0,0,0,0,0,0,-2,0,0,1,-2,-2,0,0,9
6695,J'adore ET,0,-1,-1,0,-1,-2,-2,-1,0,-1,0,-1,-2,-1,0,0,-2,0,0,0,0,7
6695,L'instant,2,-2,2,0,-2,-2,2,0,0,2,2,2,-2,-2,0,0,-2,0,0,0,0,7
6695,Lolita Lempicka,-2,-2,0,-2,2,-2,1,-2,0,0,2,0,-2,0,0,2,-2,0,2,0,-2,5
6695,Pleasures,-2,0,0,0,0,0,0,0,0,1,0,-1,-1,0,0,-2,-1,-2,0,0,0,9
6695,Pure Poison,0,0,-1,0,0,2,0,2,1,0,0,0,0,-2,-1,0,0,0,-2,0,0,7
6695,Shalimar,2,-2,-2,-2,-1,-2,2,-2,2,0,2,2,2,0,2,1,-2,2,2,-2,-2,3
6889,Angel,0,0,0,0,0,0,0,0,0,0,0,-1,-1,-1,0,-1,-1,-1,0,0,1,7
6889,Aromatics Elixir,1,2,2,1,-1,1,-2,-1,0,-2,-2,-2,-2,-2,0,-2,-2,0,0,0,0,4
6889,Chanel N5,0,0,0,0,0,0,0,0,0,-1,0,0,-1,0,0,0,0,0,0,0,0,8
6889,Cinema,0,0,0,0,0,0,0,0,1,0,0,0,-1,-1,0,-1,-1,-1,0,0,1,7
6889,Coco Mademoiselle,1,1,-1,-1,-2,1,-1,1,0,0,-1,-1,-1,0,0,-2,-2,0,0,0,1,6
6889,J'adore EP,1,2,-2,1,-2,2,-1,-1,-1,-1,-1,-1,-2,0,-1,-1,0,0,0,0,2,5
6889,J'adore ET,0,0,0,0,0,0,0,0,0,0,0,0,0,0,0,-1,0,0,0,0,0,8
6889,L'instant,0,0,0,0,0,0,0,0,0,0,0,-1,-1,-1,0,-1,-1,0,0,0,0,6
6889,Lolita Lempicka,0,1,0,0,-1,0,-2,0,0,-2,-1,-1,-2,-2,0,-1,-2,-1,0,-1,1,5
6889,Pleasures,1,1,-2,-2,-2,2,-2,-1,2,-2,-1,-1,-2,-1,0,-2,-2,0,0,0,2,3
6889,Pure Poison,0,0,0,-2,-1,0,-2,-2,-1,-1,-1,-1,-2,-1,0,-1,-1,0,0,1,-1,3
6889,Shalimar,0,0,0,0,0,0,0,0,1,-1,0,0,0,0,0,1,0,-1,0,0,0,8
6931,Angel,1,0,1,0,1,0,0,0,0,0,0,0,1,0,1,0,1,-1,0,1,0,5
6931,Aromatics Elixir,-1,0,1,2,0,1,0,0,0,0,0,0,-2,0,0,0,0,0,1,0,0,5
6931,Chanel N5,1,0,1,1,1,1,0,0,0,1,0,0,1,1,0,0,1,1,1,-1,0,7
6931,Cinema,-1,0,-2,0,1,1,1,0,1,1,0,0,1,0,1,0,1,1,1,1,0,5
6931,Coco Mademoiselle,2,1,1,1,1,0,0,1,1,1,1,1,1,1,0,1,1,0,0,0,0,8
6931,J'adore EP,1,0,0,0,1,1,1,1,1,1,1,0,0,0,0,1,1,0,0,0,1,7
6931,J'adore ET,0,-1,1,1,1,1,0,0,0,1,0,0,1,2,0,0,1,0,0,0,0,7
6931,L'instant,1,1,-1,1,0,0,-1,1,0,0,0,1,1,0,1,0,0,0,0,1,1,8
6931,Lolita Lempicka,1,0,1,0,1,1,1,0,1,1,0,1,0,1,0,1,0,0,0,1,0,4
6931,Pleasures,2,2,2,2,0,1,-1,0,0,0,0,0,0,0,0,0,0,0,0,0,1,6
6931,Pure Poison,1,2,1,0,0,1,0,0,0,0,0,0,-1,-1,0,1,-1,0,1,0,0,5
6931,Shalimar,-1,-1,0,0,-1,-1,0,0,0,0,0,0,1,0,0,0,1,0,1,0,2,6
6940,Angel,1,-1,0,0,0,0,1,0,1,0,0,0,0,0,0,0,0,0,0,1,0,5
6940,Aromatics Elixir,1,1,0,1,0,-1,1,0,1,0,0,0,-1,0,0,0,0,0,0,2,0,4
6940,Chanel N5,2,-1,1,1,0,-1,1,0,1,0,0,0,0,0,0,0,1,0,0,1,0,6
6940,Cinema,0,0,0,0,0,0,0,0,0,0,0,0,0,0,0,0,0,0,0,0,0,8
6940,Coco Mademoiselle,-1,0,0,0,0,0,0,0,0,0,0,0,0,0,0,0,0,0,0,0,0,7
6940,J'adore EP,0,0,0,0,0,0,0,0,0,0,0,0,0,0,0,0,1,0,0,1,0,7
6940,J'adore ET,0,0,0,0,0,0,0,0,0,0,0,0,0,0,0,0,0,0,0,1,0,7
6940,L'instant,0,0,0,0,0,1,0,0,0,0,0,0,0,0,0,0,0,0,0,0,0,8
6940,Lolita Lempicka,-1,0,0,0,0,0,1,0,0,0,1,0,0,0,0,1,0,0,1,1,0,7
6940,Pleasures,-1,-1,0,0,0,0,0,0,0,0,0,0,-1,0,0,0,0,0,0,0,0,6
6940,Pure Poison,1,-1,1,1,1,0,1,0,1,1,1,0,0,1,0,0,-1,0,0,1,0,6
6940,Shalimar,0,0,0,0,0,0,0,0,0,0,0,0,0,0,0,0,0,0,0,0,0,5
7622,Angel,2,-2,-2,-2,-2,-2,0,-2,2,-2,1,1,-2,2,2,2,2,2,2,-1,-2,1
7622,Aromatics Elixir,2,-2,-2,-2,-1,-2,-2,-2,0,-2,-1,-1,-2,2,2,-1,-2,2,2,-1,-2,1
7622,Chanel N5,0,1,-1,-1,-2,2,-2,-2,0,-2,1,0,2,0,0,1,0,1,1,0,-2,4
7622,Cinema,0,-2,0,-1,2,-2,1,-1,0,0,0,0,2,-1,0,1,2,0,1,1,-2,5
7622,Coco Mademoiselle,2,-1,1,-2,0,-2,0,1,0,-2,0,0,2,2,2,-2,2,1,1,2,-2,7
7622,J'adore EP,0,0,0,0,0,0,0,1,2,1,0,0,-2,0,1,0,0,-1,-1,0,-2,6
7622,J'adore ET,-2,-2,0,0,0,-2,0,-2,0,-1,0,0,0,0,0,0,0,0,0,1,-2,8
7622,L'instant,0,0,0,1,0,-2,-2,0,0,0,0,0,-2,0,0,0,1,-1,0,-2,-2,7
7622,Lolita Lempicka,-2,-1,0,0,0,-2,2,-1,0,2,0,0,-2,1,1,1,1,0,1,-2,-2,6
7622,Pleasures,2,-2,2,-2,2,-2,-2,-1,0,-2,0,0,1,2,2,2,2,0,2,0,-2,2
7622,Pure Poison,-1,-2,-1,0,0,-2,0,-2,0,-1,0,0,-2,0,0,-2,1,-1,0,2,-2,8
7622,Shalimar,1,-2,2,2,2,-2,-2,-2,0,-2,0,1,2,2,2,2,2,0,2,1,-2,1
7679,Angel,2,2,1,2,0,1,0,0,0,0,0,0,0,0,0,0,0,0,0,0,0,5
7679,Aromatics Elixir,2,-1,1,-2,1,2,-2,1,1,-2,-2,-1,2,0,0,0,1,0,0,1,0,5
7679,Chanel N5,2,0,-2,-1,2,2,-2,2,2,-2,-2,-2,2,1,2,0,2,0,0,0,0,5
7679,Cinema,0,0,0,0,0,0,0,0,0,0,0,0,0,0,0,0,0,0,0,0,0,7
7679,Coco Mademoiselle,2,2,0,0,1,1,-1,0,1,-1,-1,0,1,0,0,0,1,0,0,1,0,6
7679,J'adore EP,1,0,0,0,0,0,-2,0,0,-1,-1,-2,1,1,2,0,-1,0,0,1,0,5
7679,J'adore ET,0,0,0,0,0,0,-1,0,0,0,0,-1,0,0,0,0,-1,0,0,0,0,6
7679,L'instant,0,0,0,0,0,0,-1,0,0,-1,0,0,0,0,0,0,0,0,0,0,0,6
7679,Lolita Lempicka,1,-1,0,0,0,1,-1,1,1,-2,-2,0,1,0,0,0,0,0,0,1,0,5
7679,Pleasures,0,-1,0,0,0,0,-1,0,0,-1,-1,0,0,0,0,0,0,0,0,0,0,6
7679,Pure Poison,1,0,0,0,0,0,-2,0,0,-1,-1,-1,0,0,0,-1,-1,0,0,0,0,5
7679,Shalimar,2,-2,0,0,0,0,-1,0,0,-2,0,-1,1,2,2,1,-1,0,0,2,0,4
7797,Angel,2,-1,1,-1,-1,0,-1,1,0,-1,0,1,2,2,1,2,1,1,0,2,-1,8
7797,Aromatics Elixir,2,1,-2,1,1,2,-1,-1,-1,2,-1,2,2,1,0,-2,-1,1,1,2,-1,6
7797,Chanel N5,-1,0,0,2,-1,-1,1,-1,0,1,0,1,2,1,1,1,2,1,1,2,-1,7
7797,Cinema,2,2,1,-1,1,2,0,0,0,-1,-1,-1,-1,1,-1,0,-1,1,0,1,-1,8
7797,Coco Mademoiselle,-1,0,-1,-1,1,1,-2,2,-1,2,0,-1,-1,1,0,-2,-2,-1,-1,-1,1,5
7797,J'adore EP,0,2,-1,-2,1,2,-2,1,-1,-1,-2,-2,-2,-2,-2,-2,-1,-2,0,-1,2,3
7797,J'adore ET,-2,2,-1,-1,1,2,-2,2,-2,-2,-2,-2,-2,-2,-2,-2,-2,-2,-2,-2,1,2
7797,L'instant,-2,0,-1,0,-1,0,-1,-1,0,1,0,-1,-1,1,0,1,1,-1,1,1,-1,8
7797,Lolita Lempicka,-2,0,-1,2,1,1,-1,1,-1,2,1,-1,-2,-1,-2,1,0,-2,-1,-1,2,6
7797,Pleasures,-2,1,-1,0,1,2,-2,2,-1,1,-2,-1,-2,1,0,-1,1,-1,1,-1,-1,7
7797,Pure Poison,2,-1,1,-1,0,1,-1,1,1,1,1,1,2,1,2,-1,-1,1,2,2,-2,4
7797,Shalimar,1,-2,1,-2,0,-2,0,-1,2,0,1,1,2,1,2,1,2,1,2,2,-2,6
8096,Angel,1,-1,1,0,0,-1,1,0,0,1,1,2,-2,2,0,0,2,0,0,0,0,6
8096,Aromatics Elixir,1,-2,-2,-2,0,-2,2,-2,2,-2,-2,-1,2,2,2,0,2,0,2,2,0,3
8096,Chanel N5,2,-2,2,2,-1,1,-2,0,1,-2,2,0,2,1,0,0,2,0,1,2,-2,1
8096,Cinema,1,2,0,0,1,2,0,0,1,0,0,0,0,0,0,0,0,0,0,0,0,6
8096,Coco Mademoiselle,0,0,0,0,0,0,0,0,0,0,1,0,0,0,0,0,0,0,0,0,0,8
8096,J'adore EP,0,2,0,1,0,2,0,1,1,2,0,0,0,-1,0,0,2,0,0,1,0,5
8096,J'adore ET,0,0,0,0,0,0,0,0,0,0,0,0,0,0,0,0,0,0,0,0,0,8
8096,L'instant,0,0,0,0,0,0,0,0,0,0,1,0,0,0,0,0,1,0,0,0,0,8
8096,Lolita Lempicka,1,0,1,1,1,1,2,2,2,1,2,1,0,1,0,2,1,0,0,0,-1,4
8096,Pleasures,0,0,1,1,0,1,0,1,0,-1,0,0,-1,0,0,0,1,0,0,0,0,6
8096,Pure Poison,0,1,0,0,0,1,0,0,0,0,0,0,0,0,0,0,0,0,0,0,0,7
8096,Shalimar,1,1,0,2,0,1,0,1,1,0,0,0,1,2,0,0,1,0,0,1,2,4
8118,Angel,0,0,0,0,0,0,0,0,0,0,0,0,0,0,0,0,0,0,0,0,0,5
8118,Aromatics Elixir,0,0,0,0,0,0,0,0,0,0,0,0,0,0,0,0,0,0,0,0,0,7
8118,Chanel N5,0,0,0,0,0,0,0,0,0,0,0,0,0,0,0,0,0,0,0,0,0,7
8118,Cinema,0,0,0,0,0,0,0,0,0,0,0,0,0,0,0,0,0,0,0,0,0,7
8118,Coco Mademoiselle,0,0,0,0,0,0,0,0,0,0,0,0,0,0,0,0,0,0,0,0,0,7
8118,J'adore EP,0,0,0,0,0,0,0,0,0,0,0,0,0,0,0,0,0,0,0,0,0,6
8118,J'adore ET,0,0,0,0,0,0,0,0,0,0,0,0,0,0,0,0,0,0,0,0,0,6
8118,L'instant,0,0,0,0,0,0,0,0,0,0,0,0,0,0,0,0,0,0,0,0,0,6
8118,Lolita Lempicka,0,0,0,0,0,0,0,0,0,0,0,0,0,0,0,0,0,0,0,0,0,8
8118,Pleasures,0,0,0,0,0,0,0,0,0,0,0,0,0,0,0,0,0,0,0,0,0,8
8118,Pure Poison,0,0,0,0,0,0,0,0,0,0,0,0,0,0,0,0,0,0,0,0,0,8
8118,Shalimar,0,0,0,0,0,0,0,0,0,0,0,0,0,0,0,0,0,0,0,0,0,6
8124,Angel,1,-2,-2,-2,-1,-1,-2,-1,-1,-1,-2,0,0,0,2,0,0,0,0,0,0,6
8124,Aromatics Elixir,0,0,0,0,0,0,0,0,0,0,0,0,0,0,0,0,0,0,0,0,0,7
8124,Chanel N5,0,-1,0,-2,0,2,0,0,1,0,0,0,0,0,0,0,0,0,0,0,0,6
8124,Cinema,0,0,0,0,0,0,-1,0,0,0,0,0,0,0,0,0,0,0,0,0,0,7
8124,Coco Mademoiselle,-2,0,-1,0,-2,2,0,0,0,0,0,0,-2,0,0,0,0,0,0,0,0,7
8124,J'adore EP,0,0,-1,0,0,0,0,0,0,0,0,0,0,0,0,0,0,0,0,0,0,7
8124,J'adore ET,0,0,0,0,0,1,-1,0,0,0,0,0,0,0,0,0,0,0,0,0,-1,6
8124,L'instant,0,0,0,0,0,0,0,0,0,0,0,0,0,0,0,0,0,0,0,0,0,7
8124,Lolita Lempicka,0,0,0,0,0,0,-1,0,0,0,0,0,0,0,0,0,0,0,0,0,0,7
8124,Pleasures,0,0,0,1,0,2,-1,0,0,-1,-1,0,-1,0,0,0,0,0,0,0,0,6
8124,Pure Poison,0,0,0,0,0,0,0,0,0,0,0,0,0,0,0,0,0,0,0,0,0,5
8124,Shalimar,0,0,-2,-2,0,0,-1,-2,-2,-2,-2,-2,-2,-2,-2,0,0,0,0,0,0,8
8300,Angel,-1,0,-1,0,-1,0,0,0,0,0,0,0,0,0,0,0,0,0,0,0,0,8
8300,Aromatics Elixir,0,0,0,0,0,0,0,0,0,0,0,0,0,0,0,0,0,0,0,0,0,7
8300,Chanel N5,0,0,0,2,0,0,-2,0,0,-1,-1,0,0,0,0,-1,-1,0,0,0,0,5
8300,Cinema,-2,-1,-1,-1,0,0,0,0,0,0,0,-1,0,0,0,-1,0,0,0,0,0,7
8300,Coco Mademoiselle,-1,0,0,-1,0,0,0,0,0,-1,-1,0,-1,0,0,-1,0,0,0,0,0,7
8300,J'adore EP,0,1,0,-2,0,0,-1,0,0,1,0,0,0,0,0,0,1,0,0,0,0,7
8300,J'adore ET,0,0,0,0,-1,0,0,0,0,0,0,0,0,0,0,0,0,0,0,0,0,7
8300,L'instant,-1,0,-1,0,0,0,-2,0,0,0,0,-1,0,0,0,-1,-1,0,0,0,2,7
8300,Lolita Lempicka,-1,-1,-1,-1,0,0,-1,0,0,0,0,0,0,0,0,-1,0,0,0,0,0,6
8300,Pleasures,-1,-1,0,0,0,0,0,0,0,-1,0,0,0,0,0,0,0,0,0,0,0,6
8300,Pure Poison,0,0,0,0,0,0,0,0,0,0,0,-2,0,0,0,0,-1,0,0,0,0,8
8300,Shalimar,0,-1,0,0,0,0,0,0,0,0,1,-1,0,0,0,-1,1,0,0,1,1,5
8588,Angel,2,-2,-2,-2,-2,-2,0,-2,2,-2,2,2,0,2,2,-2,2,2,2,2,-2,2
8588,Aromatics Elixir,2,-2,-2,-2,-2,-2,-2,-2,2,-2,-1,-2,0,2,2,-2,2,1,2,2,-2,1
8588,Chanel N5,-2,-2,-2,2,-2,-2,-2,-2,0,-2,-1,-2,2,2,2,-2,2,2,2,2,-2,1
8588,Cinema,-1,-1,1,-2,0,-2,-1,0,1,-2,0,-2,0,0,1,0,1,0,0,0,2,7
8588,Coco Mademoiselle,0,0,0,0,0,0,-2,0,0,-2,0,-2,0,1,0,0,0,0,0,1,0,9
8588,J'adore EP,0,1,-2,0,0,0,-2,-2,0,0,0,0,1,0,0,0,0,0,0,0,0,9
8588,J'adore ET,1,0,0,0,0,0,0,0,0,0,0,0,0,0,0,0,1,0,0,0,0,9
8588,L'instant,2,-2,-2,-2,0,-2,0,0,2,-2,-1,0,2,2,1,0,2,1,1,2,-2,2
8588,Lolita Lempicka,0,-2,-2,2,-2,-2,1,-2,2,-2,2,0,1,2,2,-2,2,1,2,2,-2,4
8588,Pleasures,0,-2,2,2,1,-2,-2,-2,0,0,0,0,2,1,0,0,2,0,0,1,0,6
8588,Pure Poison,-2,1,2,1,-2,2,-2,-2,0,-2,2,-2,0,1,0,-2,0,0,0,1,2,7
8588,Shalimar,2,-2,0,2,0,-2,2,0,2,0,0,1,2,2,2,2,2,2,2,2,0,1
8840,Angel,2,-2,-2,-2,-2,-2,-2,-2,-2,-2,-2,-2,-2,-2,-1,-2,-2,0,0,-2,-2,1
8840,Aromatics Elixir,2,-2,-2,2,-2,-2,-2,-2,-2,-2,-1,1,2,2,2,-2,2,2,1,2,-2,1
8840,Chanel N5,2,-2,0,0,0,0,0,-2,0,-1,0,2,2,-2,0,-2,-2,0,0,0,-2,1
8840,Cinema,1,0,0,0,0,-2,0,0,0,0,0,0,0,0,0,0,0,0,0,0,-2,6
8840,Coco Mademoiselle,2,-2,0,2,0,-2,0,-2,0,-2,-2,0,2,0,0,0,2,0,0,2,-2,2
8840,J'adore EP,2,0,0,0,0,-2,0,0,0,2,2,2,0,0,0,0,0,0,0,0,0,7
8840,J'adore ET,0,0,0,0,0,-2,2,0,0,2,2,0,0,0,0,0,0,0,0,0,-2,7
8840,L'instant,2,-2,2,2,2,-2,2,-2,2,0,2,2,-2,0,0,0,0,0,0,0,-2,1
8840,Lolita Lempicka,2,-2,-2,-2,-2,-2,-2,-2,-2,-2,-2,0,-2,-2,0,0,0,0,0,0,-2,1
8840,Pleasures,0,0,2,0,2,-2,1,0,0,1,0,0,-2,0,0,0,0,0,0,0,-2,5
8840,Pure Poison,0,0,0,0,0,0,0,0,0,0,0,0,0,0,0,0,0,0,0,0,0,8
8840,Shalimar,2,-2,0,2,-2,-2,-2,-2,0,0,-2,0,2,2,0,0,2,0,0,2,-2,1
9373,Angel,1,-2,-1,-1,-1,-1,-1,-1,-1,-1,-1,-1,2,1,2,1,1,1,0,0,0,3
9373,Aromatics Elixir,0,0,0,-1,0,1,-2,-1,0,1,0,0,0,0,0,0,0,0,0,0,0,7
9373,Chanel N5,1,0,0,-1,0,0,0,0,0,0,0,0,0,0,0,0,0,0,0,0,0,7
9373,Cinema,-2,0,0,0,-1,-1,-1,0,-1,0,-1,-1,-2,-2,0,-1,-1,0,0,-1,0,5
9373,Coco Mademoiselle,-1,0,-1,0,0,0,0,0,0,0,0,0,0,0,0,0,1,0,0,0,0,6
9373,J'adore EP,0,0,0,0,0,0,0,0,0,0,0,0,0,0,0,0,0,0,0,0,0,8
9373,J'adore ET,-2,0,0,-1,0,-1,0,0,0,0,0,0,0,0,0,0,0,0,0,0,0,7
9373,L'instant,2,0,0,0,0,-1,0,0,0,0,0,0,-1,0,0,-1,0,0,0,0,-1,6
9373,Lolita Lempicka,-1,0,-1,-1,-1,0,-1,-1,0,0,0,0,0,0,0,0,0,0,0,0,0,7
9373,Pleasures,0,0,0,0,-1,0,0,0,0,0,0,-1,0,-1,0,-1,0,0,0,0,0,7
9373,Pure Poison,1,-2,-1,-1,-1,-1,-2,-1,-1,-2,-1,-2,1,2,1,-2,1,2,2,1,0,3
9373,Shalimar,-1,-2,0,0,-1,0,-1,-1,-1,-1,-1,0,0,0,1,0,0,0,0,1,0,5
9492,Angel,1,0,-1,-1,-1,-1,-1,0,0,-1,-1,-1,2,2,1,-2,0,1,0,2,0,1
9492,Aromatics Elixir,2,-1,0,0,0,1,1,-1,2,-1,1,0,2,2,0,0,2,0,1,2,-1,2
9492,Chanel N5,0,-1,-1,-1,-1,0,-1,0,0,-2,-1,0,-1,0,0,-1,-1,0,0,-1,0,7
9492,Cinema,0,0,0,1,0,0,0,0,0,0,0,0,0,0,0,0,0,0,0,0,0,7
9492,Coco Mademoiselle,0,0,0,1,0,0,0,1,-1,1,0,0,-1,0,0,-1,-1,0,0,0,0,6
9492,J'adore EP,1,-1,0,0,0,0,0,0,0,1,0,0,-1,0,0,-1,0,0,0,-1,0,7
9492,J'adore ET,1,0,1,0,-1,0,-1,0,-1,0,0,0,0,0,0,-2,0,0,0,-1,0,6
9492,L'instant,0,0,0,0,0,0,0,0,0,0,0,0,0,0,0,0,0,0,0,0,0,7
9492,Lolita Lempicka,1,-1,0,-1,1,-1,2,-1,2,-1,0,0,-1,0,0,1,-1,0,1,1,-1,3
9492,Pleasures,1,1,-1,0,0,2,-1,1,0,0,0,0,-2,0,0,-1,-1,0,0,0,0,6
9492,Pure Poison,2,-1,1,-1,-1,-1,0,0,0,0,0,0,0,0,0,-1,0,0,0,-1,0,6
9492,Shalimar,2,-2,-1,-2,-1,-1,-1,0,0,-1,0,0,2,1,0,-1,1,1,0,2,2,1
9589,Angel,1,-2,1,0,-2,-1,-1,0,0,-1,0,0,-1,0,0,0,1,-2,0,0,-2,6
9589,Aromatics Elixir,2,-1,-2,2,-2,-2,-2,0,0,-1,0,0,1,2,0,2,2,-1,0,2,-2,4
9589,Chanel N5,2,-2,-2,-2,-2,-2,-2,0,0,0,0,0,-2,2,0,1,2,-2,2,2,-2,4
9589,Cinema,0,0,-1,-1,-2,0,0,0,0,0,0,0,0,0,0,0,0,0,0,0,-1,8
9589,Coco Mademoiselle,2,0,0,-1,-2,2,-2,0,1,-1,0,0,1,0,0,0,0,-1,0,0,-2,5
9589,J'adore EP,0,0,-1,-1,0,1,-1,0,0,0,0,0,0,0,0,0,0,-1,0,0,0,7
9589,J'adore ET,0,0,-1,-1,-2,-1,-2,0,0,-1,0,0,1,0,0,0,0,-1,0,0,-2,6
9589,L'instant,1,0,2,2,-2,2,0,-2,-1,0,0,0,1,0,0,0,0,-2,0,0,-2,6
9589,Lolita Lempicka,2,-2,-2,-2,-2,-2,-2,-1,0,-2,0,2,2,2,2,2,1,-2,2,0,-2,4
9589,Pleasures,0,0,-2,0,-2,0,-2,0,1,-1,0,0,-1,0,0,0,0,-1,0,0,-2,5
9589,Pure Poison,2,-2,-2,-2,-2,-1,-2,0,0,-1,0,0,0,2,0,2,0,-1,0,0,-2,5
9589,Shalimar,2,-2,-2,-1,-2,-2,-2,0,0,-1,1,0,2,2,1,1,2,-1,1,0,-2,3
9623,Angel,0,0,0,0,0,0,0,0,0,0,0,0,0,0,0,0,0,0,0,0,0,6
9623,Aromatics Elixir,2,2,0,0,0,2,0,0,0,0,0,0,2,2,0,1,1,0,0,0,0,4
9623,Chanel N5,0,0,0,0,0,0,0,0,0,0,0,0,0,0,0,0,0,0,0,0,0,8
9623,Cinema,2,0,-2,0,0,0,0,0,0,0,-2,0,0,0,0,0,-1,0,0,0,0,7
9623,Coco Mademoiselle,1,0,0,0,0,0,0,0,0,0,0,0,0,0,0,0,0,0,0,0,0,7
9623,J'adore EP,0,0,0,0,0,0,0,0,0,0,0,0,0,0,0,0,0,0,0,0,0,8
9623,J'adore ET,0,0,0,0,0,0,0,0,0,0,0,0,0,0,0,0,0,0,0,0,0,8
9623,L'instant,0,0,0,0,0,0,0,0,0,0,0,0,0,0,0,0,0,0,0,0,0,7
9623,Lolita Lempicka,2,0,0,0,0,0,0,0,0,0,0,0,0,0,0,0,0,0,0,0,0,7
9623,Pleasures,0,0,0,0,0,0,0,0,0,0,0,0,0,0,0,0,0,0,0,0,0,7
9623,Pure Poison,2,2,-2,0,0,2,0,0,0,-1,-1,0,0,-2,0,0,0,0,0,0,0,4
9623,Shalimar,1,0,0,0,0,0,0,0,0,0,0,0,0,0,0,0,0,0,0,0,0,6
9651,Angel,0,1,0,0,2,2,0,0,0,0,0,0,2,2,2,2,2,0,0,2,0,5
9651,Aromatics Elixir,-2,-2,0,-2,0,0,0,0,0,0,-2,0,0,0,0,0,2,0,0,0,0,7
9651,Chanel N5,1,-2,-2,-2,0,-2,0,-2,0,-2,-1,0,-2,0,0,0,0,0,0,0,-2,6
9651,Cinema,-2,-2,-2,-2,0,-2,2,-2,0,0,0,0,-2,0,0,0,0,0,0,0,0,7
9651,Coco Mademoiselle,0,0,0,-2,0,0,0,-2,0,-2,0,0,0,0,0,0,-2,0,0,0,0,7
9651,J'adore EP,0,0,0,-2,0,-2,0,-2,0,-2,0,0,-2,0,0,0,0,0,0,0,-2,7
9651,J'adore ET,0,0,-2,-2,0,-2,-2,-2,0,-2,0,0,-2,0,0,0,-2,0,0,0,0,7
9651,L'instant,0,0,0,0,0,0,0,0,0,0,0,0,0,0,0,0,0,0,0,0,0,8
9651,Lolita Lempicka,2,2,0,0,2,2,2,0,0,2,0,-1,-2,-1,0,-1,-1,0,0,0,2,6
9651,Pleasures,0,-2,0,0,0,0,0,0,0,0,-1,-2,-2,0,0,0,0,0,0,0,2,7
9651,Pure Poison,0,0,-2,-2,0,-2,0,0,0,0,-1,0,-1,-2,0,0,0,0,0,0,-2,8
9651,Shalimar,0,0,0,-2,0,0,0,0,0,-2,0,0,-2,0,0,0,-2,0,0,0,0,7
9772,Angel,2,-2,1,0,-2,1,-2,-1,1,0,-1,0,2,0,-2,-1,2,1,-1,-2,0,4
9772,Aromatics Elixir,1,1,0,-2,-1,0,-2,-1,0,0,0,0,0,-1,0,0,0,0,0,0,0,5
9772,Chanel N5,-1,0,-1,-2,-2,-1,0,-1,0,-1,-2,-1,0,0,0,-1,0,0,0,0,0,8
9772,Cinema,-1,-1,-1,-1,-1,-1,-1,-1,0,0,0,-1,1,0,0,0,-1,0,0,0,0,7
9772,Coco Mademoiselle,-1,0,0,0,-1,0,0,0,1,0,1,0,1,0,0,0,2,0,0,0,0,4
9772,J'adore EP,0,0,-2,-1,0,-1,-1,-1,-1,0,0,-1,-1,0,-1,-1,1,0,0,0,0,8
9772,J'adore ET,0,0,-1,-2,-1,0,0,0,1,0,0,-1,-2,0,0,0,0,0,0,0,0,8
9772,L'instant,-1,0,-2,1,-1,1,-1,-1,0,-1,-1,0,-1,-1,0,-1,0,0,0,0,0,5
9772,Lolita Lempicka,0,0,-1,-1,0,0,-1,0,0,0,-1,-1,-1,-2,0,0,-1,0,0,-1,0,5
9772,Pleasures,-1,-2,-1,1,0,0,-1,-1,0,-1,0,0,0,-1,0,-1,0,0,0,0,-1,6
9772,Pure Poison,-1,0,-1,0,-1,-1,0,1,0,0,-1,-1,0,0,-1,0,0,0,0,0,0,6
9772,Shalimar,-1,-1,-2,0,-1,-1,0,0,0,0,-1,0,0,-1,1,-1,0,0,0,-1,0,7
9775,Angel,0,-2,2,-2,2,-2,-2,-2,0,0,1,0,2,0,0,-2,0,0,0,2,0,3
9775,Aromatics Elixir,2,-2,2,-1,-1,-1,-2,-1,0,0,0,0,2,0,0,0,0,0,0,2,0,1
9775,Chanel N5,1,-2,0,-1,0,0,0,-1,0,0,0,0,1,0,0,0,0,0,0,0,0,5
9775,Cinema,-1,0,2,0,0,0,-1,0,0,0,0,0,1,0,0,0,0,0,0,0,0,6
9775,Coco Mademoiselle,-1,0,0,0,0,0,0,0,0,0,0,0,0,0,0,0,0,0,0,0,0,9
9775,J'adore EP,0,0,0,1,0,0,-1,0,0,0,0,0,0,0,0,0,0,0,0,0,0,9
9775,J'adore ET,0,0,0,0,0,0,-1,0,0,0,0,0,0,0,0,0,0,0,0,0,0,8
9775,L'instant,-1,0,0,0,0,0,0,0,0,0,0,0,0,0,0,0,0,0,0,0,0,8
9775,Lolita Lempicka,0,-2,2,-2,2,-2,-1,-2,0,0,0,1,2,0,0,1,2,0,0,2,0,6
9775,Pleasures,-2,-1,0,-2,0,-2,-2,0,0,0,0,-1,-1,0,0,0,0,0,0,0,0,6
9775,Pure Poison,1,0,-1,1,1,1,-1,0,0,2,0,0,0,0,0,1,0,0,0,1,0,7
9775,Shalimar,1,-1,2,2,2,0,0,-1,0,0,0,-2,2,0,0,0,0,0,0,2,0,4
9821,Angel,2,0,-1,-2,0,0,-2,0,0,0,0,0,0,0,0,0,0,0,0,0,0,7
9821,Aromatics Elixir,1,1,0,0,0,0,0,0,0,0,0,0,0,0,0,0,0,0,0,0,0,7
9821,Chanel N5,0,1,0,0,0,0,-2,0,0,0,0,0,2,0,0,0,0,0,0,0,0,7
9821,Cinema,-2,0,-2,-2,0,0,-2,0,0,0,0,0,-2,0,0,0,0,0,0,0,0,7
9821,Coco Mademoiselle,0,0,0,0,0,0,-2,0,0,0,0,0,0,0,0,0,0,0,0,0,0,7
9821,J'adore EP,2,0,0,-1,-2,0,-2,0,0,0,0,0,0,-2,0,0,0,0,0,0,0,7
9821,J'adore ET,0,0,0,0,0,0,-2,0,0,0,0,0,0,0,0,0,0,0,0,0,0,7
9821,L'instant,0,2,0,0,0,2,0,0,0,0,0,0,0,0,0,0,0,0,0,0,0,5
9821,Lolita Lempicka,0,0,0,0,0,0,0,0,0,0,0,0,0,0,0,0,0,0,0,0,0,3
9821,Pleasures,-2,0,0,0,0,0,-1,0,0,0,0,0,0,0,0,0,0,0,0,0,0,7
9821,Pure Poison,0,0,-1,-1,0,-1,-2,0,0,0,0,0,0,0,0,-2,0,0,0,0,0,7
9821,Shalimar,2,0,0,0,0,0,0,0,0,0,0,0,0,0,0,0,0,0,0,0,0,2
9858,Angel,2,-2,-2,-1,-1,0,0,1,0,-1,-1,1,1,2,0,0,0,0,0,0,-2,7
9858,Aromatics Elixir,0,-2,-2,-2,-2,-2,0,-2,0,-2,-2,0,-1,0,0,-1,-2,1,1,-1,-2,2
9858,Chanel N5,0,0,0,0,-1,0,1,1,0,-1,0,0,-1,0,0,-1,-2,0,0,-1,-2,6
9858,Cinema,0,0,1,0,0,1,0,1,0,1,-1,1,0,0,0,1,1,0,0,0,0,7
9858,Coco Mademoiselle,1,1,0,1,0,2,-1,2,0,1,-1,0,-1,0,0,-1,-1,0,0,0,-2,7
9858,J'adore EP,1,-1,0,1,1,2,1,1,0,1,0,0,0,0,0,0,0,0,0,0,1,5
9858,J'adore ET,1,-1,0,0,-1,0,0,1,1,1,0,0,-1,0,0,-1,0,0,0,-1,-2,5
9858,L'instant,2,-2,0,1,-1,-1,0,-1,0,0,-1,0,0,0,0,0,0,1,1,-1,-2,7
9858,Lolita Lempicka,0,0,0,0,-1,2,0,0,0,0,0,0,0,0,0,1,1,0,0,0,0,7
9858,Pleasures,1,0,-2,2,-1,-1,-1,-1,0,-1,0,0,0,0,0,0,0,-1,0,0,0,4
9858,Pure Poison,1,0,0,1,0,1,-1,0,0,0,0,0,0,0,0,0,-1,1,0,-1,-2,7
9858,Shalimar,1,0,0,0,-1,0,-1,-1,0,0,0,-1,0,0,0,0,1,0,0,-1,-1,5
9872,Angel,2,-2,-1,-1,2,-1,-1,0,-1,2,2,2,0,0,0,2,-1,0,0,0,-1,2
9872,Aromatics Elixir,0,-1,-1,-1,-1,0,0,0,-1,0,0,0,-1,0,0,0,0,0,0,0,-1,2
9872,Chanel N5,-2,-2,-1,-1,-1,-1,-1,0,-1,2,2,0,-1,0,0,2,-1,0,0,2,-1,1
9872,Cinema,-1,-1,0,-1,0,0,0,0,0,0,0,0,0,0,0,0,0,0,0,0,0,8
9872,Coco Mademoiselle,-1,1,2,-2,0,0,-2,0,0,0,0,0,-1,0,0,0,-1,0,0,0,-1,7
9872,J'adore EP,-2,-2,-1,-1,0,-1,-1,0,0,0,0,0,-1,0,0,0,0,0,0,0,-1,6
9872,J'adore ET,0,0,-1,0,0,0,0,0,-1,0,0,0,-1,0,0,0,0,0,0,0,-1,6
9872,L'instant,-2,-1,0,0,-1,-1,2,0,-1,0,0,2,-1,0,0,2,-1,0,0,-1,-1,4
9872,Lolita Lempicka,-2,-2,-1,-1,-1,-1,-2,0,-1,0,0,0,-1,0,0,0,0,0,0,0,-1,5
9872,Pleasures,-1,0,0,0,0,0,0,0,0,0,0,0,-1,0,0,0,0,0,0,0,0,8
9872,Pure Poison,-2,-1,0,0,-1,-1,-1,0,0,0,0,0,-1,0,0,0,-1,0,0,0,-1,7
9872,Shalimar,0,-2,-1,-1,2,-1,-1,0,0,0,0,-1,-1,1,1,0,-1,2,2,0,-1,1
10147,Angel,-1,0,0,-1,-2,-2,0,-2,0,0,0,-2,0,0,-1,0,0,0,0,0,0,7
10147,Aromatics Elixir,0,0,0,0,0,0,-1,-1,-2,0,-2,-1,-2,-2,-1,0,0,1,0,0,0,5
10147,Chanel N5,0,0,0,0,0,-1,-1,0,-1,0,-1,-2,-2,-2,-2,-2,-1,0,0,-1,-1,8
10147,Cinema,0,0,0,-1,0,0,0,0,0,-1,0,0,0,0,-1,0,0,0,0,0,0,7
10147,Coco Mademoiselle,-2,0,0,0,0,0,-1,0,-1,-1,-2,-2,-2,-2,-2,0,-2,0,0,0,0,6
10147,J'adore EP,-1,-2,-1,-1,-1,-1,-1,-1,-1,-1,-1,-1,-1,-1,-1,-1,-2,0,0,0,-1,8
10147,J'adore ET,0,0,-1,-1,-1,-1,-1,-1,-2,-1,-1,-2,-2,-2,-2,0,-1,0,0,0,-1,7
10147,L'instant,0,0,0,0,-1,-1,0,-2,0,-1,-1,0,0,0,-1,-1,-1,0,0,0,0,9
10147,Lolita Lempicka,0,0,0,0,0,0,0,-2,-2,-2,0,0,0,-1,-1,-1,-1,0,0,0,0,8
10147,Pleasures,0,0,0,0,-1,0,0,0,-1,0,-1,-2,-1,-2,-2,0,-2,0,0,-1,-1,8
10147,Pure Poison,0,0,0,0,0,-1,0,0,0,0,0,0,0,-1,-1,0,0,0,0,0,0,8
10147,Shalimar,0,0,-1,-1,0,0,0,0,0,0,0,0,0,0,0,0,-1,0,0,0,0,8
10409,Angel,0,0,-1,-2,0,-2,-2,-2,-1,-2,0,0,-2,0,-1,-2,0,0,0,-2,0,8
10409,Aromatics Elixir,-1,0,0,1,-2,-2,0,-2,-2,0,-2,0,-2,-2,-2,1,-1,0,-2,-2,-2,7
10409,Chanel N5,0,-1,0,0,-2,-2,-2,-1,-2,-2,-2,-2,2,-2,-2,-2,0,0,1,-2,0,6
10409,Cinema,-2,-1,-1,0,-2,-2,-2,-2,-2,-2,-2,-2,-1,0,-2,-2,0,-2,-2,-2,0,6
10409,Coco Mademoiselle,0,-1,-1,0,0,0,-2,-2,0,0,-2,0,-2,0,-2,0,0,0,1,-2,-2,7
10409,J'adore EP,-1,0,-2,0,0,0,-1,0,-1,-2,0,0,0,-2,-2,0,0,-2,-1,-2,0,7
10409,J'adore ET,2,0,0,-2,-2,2,-2,-2,1,0,0,-2,0,-2,-2,-2,1,-2,-2,0,-2,7
10409,L'instant,0,0,0,-2,-1,-1,-2,-2,-2,-1,-2,-1,-2,-2,0,0,-2,-2,0,-2,0,8
10409,Lolita Lempicka,0,0,2,0,-2,-1,-2,-2,0,0,-2,-2,-2,-2,-2,0,-1,-2,-1,0,-2,7
10409,Pleasures,-2,-1,-2,-2,-2,-2,-2,0,-2,-2,-2,-2,-2,0,-2,-2,0,-2,-1,-2,0,7
10409,Pure Poison,0,-1,-2,1,-2,-1,-2,-2,-2,-2,-2,-2,-2,-2,-2,-1,2,-2,-1,-2,1,7
10409,Shalimar,2,-2,0,0,0,0,0,-2,-2,0,0,0,-2,-2,-2,-1,1,-2,1,0,-2,7
10639,Angel,1,1,-2,0,-1,0,-2,0,0,0,0,0,-1,0,0,0,0,0,0,0,0,7
10639,Aromatics Elixir,2,0,1,-2,-2,2,0,0,0,0,0,0,1,0,0,0,0,0,0,0,0,5
10639,Chanel N5,1,1,-2,-1,-1,-1,0,0,0,0,0,0,0,0,0,0,0,0,0,0,0,5
10639,Cinema,-1,0,0,0,-1,-1,-1,0,0,-1,0,-1,1,-1,0,0,1,0,0,0,0,7
10639,Coco Mademoiselle,1,0,0,0,0,-1,-1,0,0,0,0,0,0,0,0,0,0,0,0,0,0,7
10639,J'adore EP,2,2,-2,0,0,0,0,0,0,0,0,0,0,0,0,0,0,0,0,0,0,5
10639,J'adore ET,2,1,0,0,0,0,0,0,-1,0,0,0,0,0,0,0,0,0,0,0,0,5
10639,L'instant,2,0,-2,-2,-2,2,1,0,0,0,0,0,0,0,0,0,0,0,0,0,0,7
10639,Lolita Lempicka,-2,-1,0,0,-1,-1,0,0,0,0,0,0,-1,0,0,0,0,0,0,0,0,7
10639,Pleasures,2,-1,0,0,0,0,0,0,0,0,0,0,0,0,0,0,0,0,0,0,0,4
10639,Pure Poison,2,0,-1,-1,0,0,-1,0,0,0,0,0,0,0,0,0,0,0,0,0,0,7
10639,Shalimar,0,-2,0,0,-2,-1,-1,0,0,0,0,0,0,0,0,-1,-1,0,0,1,0,5
10815,Angel,2,-1,0,0,0,0,0,0,2,0,0,0,2,2,0,2,2,0,2,2,0,3
10815,Aromatics Elixir,2,-2,0,0,0,0,0,-2,-2,-2,-2,-2,2,-2,-2,-2,2,2,2,-2,0,2
10815,Chanel N5,0,-2,-1,-1,0,0,-1,0,0,0,0,0,0,0,0,0,0,0,0,0,0,5
10815,Cinema,0,0,0,0,0,0,0,0,0,0,0,0,0,0,0,0,0,0,0,0,0,8
10815,Coco Mademoiselle,0,0,0,0,0,0,0,0,1,0,0,0,0,0,0,0,0,0,0,0,0,7
10815,J'adore EP,0,0,0,0,0,0,0,0,0,0,0,0,0,0,0,0,0,0,0,0,0,7
10815,J'adore ET,0,0,0,0,0,0,0,0,0,0,0,0,0,0,0,0,0,0,0,0,0,7
10815,L'instant,-1,0,0,0,-1,0,0,-1,0,0,0,0,0,2,2,2,2,0,0,0,0,5
10815,Lolita Lempicka,0,0,-1,0,0,0,0,0,0,0,0,0,2,1,1,2,2,0,0,0,0,4
10815,Pleasures,0,0,0,0,-1,-2,0,0,0,0,0,0,0,1,0,0,0,0,0,0,0,5
10815,Pure Poison,2,0,0,1,0,1,-2,-1,0,0,0,0,0,0,0,0,0,0,0,0,0,7
10815,Shalimar,2,-1,-2,0,2,-1,0,-2,2,-2,0,1,1,2,2,1,2,2,2,0,0,3
10835,Angel,2,-2,-2,-2,2,-2,-2,-2,-2,-2,2,-1,-2,-1,-2,-2,2,2,2,-2,-2,4
10835,Aromatics Elixir,0,0,0,0,-1,0,-1,-1,0,0,-1,-1,-1,0,1,-1,0,0,0,0,0,7
10835,Chanel N5,2,1,2,-2,-1,-2,-1,-1,-1,-1,-1,-1,-2,0,1,-1,2,0,0,-1,-1,5
10835,Cinema,0,-2,-2,-2,1,-2,-2,-2,2,2,-2,-2,-2,0,-2,-1,2,0,0,-2,-2,5
10835,Coco Mademoiselle,-2,-1,-1,0,-1,2,-1,-2,0,0,0,-2,-2,0,-1,-1,-1,0,-1,-2,-1,6
10835,J'adore EP,0,0,1,-1,-1,0,-1,1,-1,-1,-1,-1,-1,0,0,-1,-1,0,0,-1,0,7
10835,J'adore ET,0,0,-1,-2,-1,0,-2,1,-1,1,-1,-1,-2,0,-1,-2,-2,-1,0,-2,-1,7
10835,L'instant,-2,-2,-2,-2,-2,-1,2,-1,-1,2,-1,-1,-2,0,-1,-2,-2,0,2,-2,-1,5
10835,Lolita Lempicka,0,0,0,-1,0,-2,-2,-1,-1,-1,-1,-1,-2,0,0,0,0,1,0,0,0,8
10835,Pleasures,-2,1,2,-2,-1,-2,-1,-1,-1,-2,-2,-2,-1,-1,-1,-2,-2,2,0,-2,-1,4
10835,Pure Poison,0,0,0,-2,0,1,-1,-2,-1,-2,-2,-1,-2,0,-2,-1,-2,0,-1,-1,-2,8
10835,Shalimar,1,-2,-1,-2,-2,0,-1,-1,-2,-1,-2,-2,-2,0,1,-1,-2,0,0,0,0,5
10967,Angel,2,-1,-2,-2,0,0,-2,0,2,-2,-2,0,2,2,2,2,2,1,2,1,0,2
10967,Aromatics Elixir,0,1,-2,-2,2,0,-2,2,1,-2,-2,-1,2,2,2,-1,1,0,2,1,2,5
10967,Chanel N5,1,0,0,0,0,0,-2,0,0,-1,-1,0,0,1,1,0,0,-1,1,0,0,6
10967,Cinema,0,0,-1,-1,0,2,-1,2,0,-2,-2,-1,0,-2,-2,-2,2,0,-1,2,2,4
10967,Coco Mademoiselle,-1,0,0,-1,0,1,0,1,0,1,0,1,0,0,1,0,0,-2,-1,-2,0,7
10967,J'adore EP,0,-1,-1,1,0,-2,-2,0,0,-2,-2,-1,0,0,0,-1,2,0,0,0,0,7
10967,J'adore ET,0,0,0,1,0,0,-1,0,0,0,-2,-1,1,0,0,0,0,0,0,0,1,7
10967,L'instant,0,0,-1,-1,0,2,-2,2,0,-1,-1,-2,1,0,1,0,2,1,0,0,2,4
10967,Lolita Lempicka,0,-2,-1,0,2,0,0,0,0,0,0,0,0,0,1,0,1,0,1,0,0,8
10967,Pleasures,2,-1,-1,0,0,-1,-2,2,0,-2,-2,-1,0,0,0,-1,2,1,1,0,-2,4
10967,Pure Poison,2,1,-1,-2,-1,2,-1,1,1,-2,-2,-1,1,-1,-1,-1,0,0,0,0,-1,3
10967,Shalimar,0,-1,-1,-1,-1,2,-1,2,2,-1,0,0,0,0,0,-1,2,0,2,0,0,4
11074,Angel,1,-2,-1,-1,0,-2,0,-1,0,-2,2,2,2,2,2,2,2,2,2,2,-2,1
11074,Aromatics Elixir,2,-2,-1,-1,0,-2,-1,-2,0,-2,-1,0,2,2,2,2,2,2,2,2,-2,1
11074,Chanel N5,0,-2,0,2,0,0,-2,0,0,-2,-2,0,2,2,0,2,1,0,2,2,-2,3
11074,Cinema,0,-1,-2,0,0,0,1,0,0,0,0,0,0,0,0,0,0,0,0,0,0,8
11074,Coco Mademoiselle,0,0,-1,0,0,1,-1,0,0,0,0,0,-1,0,0,0,0,-1,0,0,-1,7
11074,J'adore EP,1,0,0,0,0,2,-1,1,0,0,-1,0,-1,0,0,0,0,0,0,0,-1,6
11074,J'adore ET,0,0,0,0,0,0,-1,0,0,2,0,0,-1,0,0,0,1,-1,0,0,2,4
11074,L'instant,0,-1,-1,0,0,0,0,0,0,-1,1,0,0,0,0,0,0,0,0,0,0,8
11074,Lolita Lempicka,1,-2,-2,0,-1,0,-1,-1,0,-2,-2,0,2,2,2,2,2,0,2,2,-2,1
11074,Pleasures,0,0,-2,2,0,0,-1,0,0,1,0,0,-2,0,0,0,0,0,0,2,-2,7
11074,Pure Poison,-2,0,0,-1,0,0,-1,0,0,-1,0,0,0,0,0,0,0,0,0,0,-1,6
11074,Shalimar,1,-2,-1,-1,0,-2,-1,-2,0,-2,-1,0,2,2,2,2,2,2,2,2,-2,1
11169,Angel,2,2,1,0,2,0,1,2,1,0,1,2,2,2,1,1,0,0,1,0,0,6
11169,Aromatics Elixir,1,0,0,0,0,1,0,1,0,1,0,0,2,1,0,1,1,0,1,0,0,6
11169,Chanel N5,-1,0,0,0,1,0,1,1,0,0,0,2,0,2,0,0,0,0,0,0,0,8
11169,Cinema,2,0,0,0,0,0,0,0,1,-1,-1,2,0,0,0,0,1,0,0,1,0,6
11169,Coco Mademoiselle,2,1,0,0,0,0,0,2,1,2,1,0,1,1,1,2,1,0,0,0,2,7
11169,J'adore EP,0,1,0,1,1,2,2,2,0,2,1,0,2,0,-1,0,1,0,0,0,1,4
11169,J'adore ET,1,0,2,2,2,1,2,2,0,0,1,0,1,0,0,2,2,0,1,0,0,5
11169,L'instant,1,1,1,2,2,1,1,1,0,2,0,0,2,1,1,0,0,0,2,0,1,6
11169,Lolita Lempicka,0,0,2,1,0,1,0,-2,1,2,1,0,0,0,0,0,0,0,0,0,2,3
11169,Pleasures,0,0,0,0,0,0,0,0,0,0,0,0,0,0,0,1,0,0,0,1,1,3
11169,Pure Poison,0,2,0,2,1,2,2,2,0,2,1,0,0,1,1,1,0,0,0,0,1,6
11169,Shalimar,0,0,0,0,0,2,2,-1,0,0,1,2,2,2,0,1,1,0,0,2,2,5
11174,Angel,1,-2,-2,-2,-2,-2,2,0,-2,0,-2,2,-2,0,0,-1,-2,0,0,0,-2,3
11174,Aromatics Elixir,2,-1,1,-2,0,-1,0,0,-2,0,-2,0,-2,-1,0,0,-2,0,0,0,-2,2
11174,Chanel N5,0,-2,-2,-2,-2,-2,0,-2,-2,-2,-2,0,-2,-2,0,-2,-2,0,0,0,-2,1
11174,Cinema,0,0,-1,-1,0,-1,0,0,-2,-1,-1,0,-2,-1,0,0,0,0,0,0,-2,6
11174,Coco Mademoiselle,2,-2,-2,-2,-2,-2,0,0,-2,-2,-2,0,-2,-2,0,0,-2,0,0,0,-2,1
11174,J'adore EP,2,-2,2,2,0,-2,0,0,-2,0,-1,-1,-2,-2,0,-2,-2,0,0,0,0,1
11174,J'adore ET,2,-2,0,2,0,-1,0,0,-2,0,-2,1,-1,-1,0,0,-2,0,0,0,-2,2
11174,L'instant,0,0,0,0,-2,-2,0,-2,-2,-2,-2,2,-2,-2,0,-2,-1,0,0,0,-2,7
11174,Lolita Lempicka,0,0,0,0,0,-1,0,0,-2,0,-1,0,-2,-2,0,-1,-1,0,0,0,-2,5
11174,Pleasures,2,-2,0,-2,0,2,0,0,-2,0,-2,1,-2,-1,0,0,-2,0,0,0,-2,3
11174,Pure Poison,1,-2,-1,-1,-1,1,0,0,-2,0,-2,0,-2,-1,0,0,-2,0,0,0,-2,4
11174,Shalimar,2,-1,-2,-1,0,-2,0,0,-2,-1,-2,0,-2,-1,0,0,-2,0,0,0,-2,1
11215,Angel,0,0,1,-2,0,-2,2,-1,2,1,2,2,-1,1,0,2,-2,0,0,0,0,6
11215,Aromatics Elixir,1,0,0,-1,1,-1,2,-1,0,0,0,0,1,1,2,0,-1,1,1,0,0,4
11215,Chanel N5,1,0,0,-2,1,-2,2,-1,0,0,1,2,0,0,0,2,-2,0,0,0,0,6
11215,Cinema,-2,0,0,-2,0,-2,2,-1,0,2,0,0,-1,-1,0,0,-2,0,0,0,0,6
11215,Coco Mademoiselle,1,0,0,-2,0,0,2,2,0,2,2,1,0,0,0,1,-1,1,0,0,0,6
11215,J'adore EP,-1,0,0,0,0,0,1,0,0,2,1,1,0,0,0,0,-2,0,0,0,0,7
11215,J'adore ET,-1,1,1,-2,0,1,2,2,1,2,1,2,1,0,0,1,-2,0,0,0,2,5
11215,L'instant,1,1,0,-2,0,-2,2,1,1,2,2,2,1,0,0,2,-2,0,0,0,-2,3
11215,Lolita Lempicka,0,0,0,-2,0,-2,2,1,2,2,1,2,-1,0,0,1,-2,0,0,1,-2,4
11215,Pleasures,0,0,0,-1,1,0,1,0,0,1,1,0,0,0,0,-1,-2,0,0,0,-1,7
11215,Pure Poison,-1,0,1,-2,0,-2,1,0,0,0,0,0,0,0,0,0,-1,0,0,0,0,7
11215,Shalimar,2,0,-1,-2,0,-2,0,-2,0,0,0,1,0,0,0,1,-2,0,1,1,-1,3
11350,Angel,1,-1,0,1,1,1,-1,-1,0,-1,-1,-1,2,1,0,-1,-1,0,0,-1,-1,7
11350,Aromatics Elixir,2,-2,0,-2,0,-1,1,1,0,2,0,0,1,0,0,-1,-1,0,0,2,-1,3
11350,Chanel N5,2,-2,0,-1,0,2,-2,-2,0,-1,-2,0,0,0,0,-1,-1,0,0,-1,-2,5
11350,Cinema,2,-2,0,-2,-2,0,-2,1,1,0,-1,0,2,1,0,-1,-1,0,0,2,-2,6
11350,Coco Mademoiselle,1,-1,0,-1,0,2,1,0,0,1,0,0,0,0,0,1,1,0,0,1,-2,7
11350,J'adore EP,2,-2,-1,1,0,1,-2,-1,0,-1,0,0,0,-1,0,1,-2,0,0,1,-1,6
11350,J'adore ET,0,0,-1,0,-2,0,-1,0,-1,0,0,-1,0,0,0,-1,-1,0,0,1,-1,7
11350,L'instant,2,-2,0,-2,0,2,-2,2,-1,-2,-2,-1,-1,-1,0,-1,-2,0,0,-1,-2,3
11350,Lolita Lempicka,0,0,0,-2,0,0,0,-2,0,-1,0,0,0,0,0,0,0,0,0,0,0,7
11350,Pleasures,1,0,0,0,0,1,-1,-1,0,0,-1,0,0,0,0,-1,0,0,0,1,-1,6
11350,Pure Poison,0,-1,0,0,0,0,0,1,0,0,0,1,1,0,0,0,0,0,0,1,-1,7
11350,Shalimar,0,0,0,0,0,0,0,0,0,0,0,0,0,0,0,0,0,0,0,1,0,8
11381,Angel,2,-2,-1,-1,0,-1,2,0,0,-1,0,0,0,2,1,2,1,0,2,2,-2,2
11381,Aromatics Elixir,0,0,0,0,-1,0,0,0,0,0,0,0,1,0,0,-1,-1,0,0,1,-2,8
11381,Chanel N5,0,0,0,0,0,-1,0,0,0,-2,0,0,-1,-1,0,-1,-1,0,0,1,1,7
11381,Cinema,0,-1,-1,0,0,-1,2,1,0,0,0,0,0,0,0,0,0,0,1,0,-1,4
11381,Coco Mademoiselle,-1,-1,0,0,-1,-1,0,0,0,0,0,0,0,0,0,0,0,0,1,0,0,8
11381,J'adore EP,1,0,1,1,0,-1,0,0,0,0,0,0,0,0,0,0,0,0,0,0,0,7
11381,J'adore ET,0,0,0,0,0,1,0,0,0,0,0,0,0,0,0,0,0,0,0,1,0,8
11381,L'instant,0,0,-1,0,0,0,1,0,1,0,1,1,0,1,0,-1,0,1,0,0,0,9
11381,Lolita Lempicka,1,-2,-1,-1,-1,-2,0,1,2,2,1,2,2,0,-2,-1,0,0,2,-1,-2,5
11381,Pleasures,-1,0,0,0,0,0,0,0,0,0,-1,0,0,0,0,0,0,0,1,0,-2,8
11381,Pure Poison,-1,-1,0,-1,-1,-2,1,-1,0,-1,-1,0,-1,-1,2,-1,2,0,1,1,-2,6
11381,Shalimar,-1,-1,-1,-1,-1,-1,1,0,0,0,0,0,1,0,0,0,0,0,1,2,-2,3
11531,Angel,0,-1,1,0,0,0,0,0,-1,0,0,0,1,0,0,0,1,0,0,0,-1,6
11531,Aromatics Elixir,1,-1,0,0,0,0,0,0,0,0,0,0,1,0,0,0,0,0,0,0,0,6
11531,Chanel N5,1,-1,1,1,0,-1,0,0,0,0,0,0,0,0,0,0,0,0,1,0,0,6
11531,Cinema,1,-2,-1,-1,0,-1,0,0,0,1,0,-1,1,-2,-1,0,1,0,2,1,-1,5
11531,Coco Mademoiselle,0,0,1,-1,0,1,0,0,0,0,0,1,1,0,0,0,0,-1,1,0,0,6
11531,J'adore EP,0,0,0,0,0,0,0,0,0,0,0,0,0,0,1,1,0,0,0,0,-1,7
11531,J'adore ET,0,0,0,0,0,1,1,0,0,0,0,0,1,0,0,1,1,0,1,0,0,6
11531,L'instant,0,0,0,0,0,0,0,0,0,0,0,0,0,0,0,0,0,0,0,0,0,6
11531,Lolita Lempicka,1,0,1,0,0,0,0,0,0,0,0,-1,0,0,0,0,1,0,0,0,-1,6
11531,Pleasures,0,0,0,-1,-1,0,1,0,0,-1,0,0,0,0,0,0,0,0,0,2,-1,5
11531,Pure Poison,2,0,1,0,-1,0,0,-1,0,0,0,0,0,-1,0,0,0,0,0,0,-1,4
11531,Shalimar,0,-1,0,0,1,-2,-1,0,0,1,0,0,0,0,-1,0,2,0,1,0,0,6
11536,Angel,2,-2,0,0,0,0,0,0,0,0,0,0,0,-2,0,0,0,0,0,0,0,7
11536,Aromatics Elixir,2,-2,-2,-2,-2,-2,-2,-2,0,-2,0,0,-2,-2,0,-2,0,0,2,2,0,4
11536,Chanel N5,2,-2,-2,-2,-2,-2,-2,-2,0,-2,0,0,-2,0,2,0,0,2,0,2,0,4
11536,Cinema,-2,-2,-2,-2,0,-2,-2,0,0,0,0,0,-2,0,0,0,0,0,0,0,0,6
11536,Coco Mademoiselle,1,-2,0,0,0,0,0,0,0,0,0,0,0,0,0,0,0,0,0,0,0,6
11536,J'adore EP,0,-2,-1,-2,0,0,-2,-2,0,-2,0,0,0,0,0,0,0,0,0,0,0,7
11536,J'adore ET,0,-2,0,-2,0,0,-2,0,0,0,0,0,0,0,0,0,0,0,0,0,0,6
11536,L'instant,0,-1,0,0,0,-2,-2,0,0,0,0,0,-2,0,0,0,0,0,0,0,0,7
11536,Lolita Lempicka,0,-2,-2,-2,0,0,-2,0,0,0,0,0,0,0,0,0,0,0,0,0,0,8
11536,Pleasures,-2,-2,-2,-2,0,-2,0,-2,0,0,0,0,-2,0,0,0,0,0,0,0,0,7
11536,Pure Poison,0,-2,-2,-2,0,0,-2,1,0,0,0,0,0,2,0,-2,0,0,0,0,0,5
11536,Shalimar,0,0,-2,0,0,-2,0,0,0,0,0,0,0,0,0,0,0,0,0,0,0,8
11574,Angel,0,0,0,0,0,0,0,0,0,0,0,0,0,-2,0,0,0,0,0,0,-2,3
11574,Aromatics Elixir,1,0,2,0,-2,2,-2,0,0,-2,-2,-2,2,2,0,0,-2,0,0,0,0,3
11574,Chanel N5,0,0,0,0,0,0,-1,1,0,0,0,0,0,0,0,0,0,0,0,0,0,7
11574,Cinema,0,0,-2,0,0,-1,0,0,0,0,0,-2,0,0,0,0,0,0,0,0,0,7
11574,Coco Mademoiselle,1,0,-1,0,-1,0,-2,0,-2,0,0,-2,0,0,0,0,0,0,0,0,0,6
11574,J'adore EP,0,0,0,0,0,0,0,0,0,0,0,0,0,0,0,0,0,0,0,0,0,8
11574,J'adore ET,0,0,-1,0,-2,-1,-2,0,0,0,0,-2,0,0,0,0,0,0,0,0,0,7
11574,L'instant,0,0,0,0,0,0,0,0,0,0,0,0,0,0,0,0,0,0,0,0,0,9
11574,Lolita Lempicka,2,0,0,0,0,0,0,0,0,0,0,0,0,0,-1,0,0,2,0,0,0,4
11574,Pleasures,0,0,0,0,0,0,-2,0,0,-2,0,0,0,0,0,1,0,0,0,0,-1,8
11574,Pure Poison,-1,0,0,0,0,0,0,0,-1,-2,0,0,0,0,0,1,0,0,0,0,0,7
11574,Shalimar,0,0,0,0,0,0,0,0,0,0,0,-1,0,0,0,-2,0,0,0,0,0,3
11677,Angel,2,0,0,0,-1,-1,1,0,2,-1,-1,0,2,0,0,0,2,0,0,1,-1,7
11677,Aromatics Elixir,2,-2,-1,0,2,0,-1,-1,0,-1,-1,-2,2,2,1,2,1,1,1,2,-1,3
11677,Chanel N5,1,-1,-1,2,1,-1,-1,1,-1,-1,0,-1,1,2,0,2,-1,1,1,1,-1,6
11677,Cinema,-1,0,0,0,0,0,1,0,0,1,0,0,0,-1,0,0,0,0,0,0,0,9
11677,Coco Mademoiselle,1,0,0,-1,-1,0,0,0,0,0,0,-1,0,0,0,0,0,0,0,0,0,8
11677,J'adore EP,2,0,2,0,-1,2,0,0,1,1,1,0,0,-1,-1,0,-1,0,0,-1,-2,7
11677,J'adore ET,0,0,0,0,0,1,0,1,0,-1,-1,0,-1,0,0,-2,0,0,0,-1,-1,7
11677,L'instant,2,0,-1,0,-1,1,0,0,-2,0,0,-1,1,1,0,-1,1,1,1,-1,-1,4
11677,Lolita Lempicka,-1,0,0,0,0,0,0,0,0,2,0,1,0,0,0,1,-1,0,0,0,-1,8
11677,Pleasures,2,1,-2,2,-1,2,-1,0,-2,-1,-1,-1,2,-1,0,-1,1,0,2,-1,0,5
11677,Pure Poison,0,0,0,0,-1,0,-2,0,0,-1,-1,0,0,0,0,0,0,0,0,-1,-1,7
11677,Shalimar,0,0,1,2,1,1,-1,0,2,-1,-1,-1,2,2,-1,1,2,0,1,2,-1,5
11776,Angel,-2,-2,0,0,1,-2,-1,-1,1,-1,0,0,1,1,0,0,0,0,2,0,-1,3
11776,Aromatics Elixir,0,0,0,0,0,0,0,0,0,0,0,0,0,0,0,0,0,0,0,0,0,7
11776,Chanel N5,-2,-1,1,0,0,-1,-1,0,0,0,0,0,0,0,0,0,-1,0,0,0,-1,4
11776,Cinema,-2,0,0,0,0,0,0,0,0,0,0,0,0,0,0,0,0,0,0,0,0,7
11776,Coco Mademoiselle,-2,0,1,0,0,0,-1,0,0,-1,0,0,0,0,0,0,0,0,0,0,0,7
11776,J'adore EP,0,-1,0,0,0,-1,-1,-1,0,0,0,0,0,0,0,0,0,0,0,0,0,7
11776,J'adore ET,-1,0,0,0,0,-1,-1,0,0,0,0,0,0,0,0,0,0,0,0,0,0,7
11776,L'instant,-1,-1,0,0,0,0,-1,1,0,0,0,0,0,0,0,0,0,0,0,0,0,6
11776,Lolita Lempicka,-2,-2,0,0,0,0,0,0,0,1,0,0,0,0,0,0,0,0,0,0,0,6
11776,Pleasures,-1,-1,0,2,0,0,0,-1,0,0,0,0,0,0,0,0,0,0,0,0,-1,5
11776,Pure Poison,0,0,0,0,0,-1,0,0,0,0,0,0,0,0,0,0,0,0,0,0,0,6
11776,Shalimar,0,-1,0,0,0,-1,0,0,0,0,0,0,0,0,0,0,0,0,0,0,0,5
11811,Angel,0,0,0,0,0,0,0,0,0,0,0,0,0,0,0,0,0,0,0,0,0,6
11811,Aromatics Elixir,0,0,0,0,0,0,0,0,0,0,0,0,0,0,0,0,0,0,0,0,0,7
11811,Chanel N5,0,0,0,0,0,0,0,0,0,0,0,0,0,0,0,0,0,0,0,0,0,7
11811,Cinema,0,0,0,0,0,0,0,0,0,0,0,0,0,0,0,0,0,0,0,0,0,8
11811,Coco Mademoiselle,0,0,0,0,0,0,0,0,0,0,0,0,0,0,0,0,0,0,0,0,0,6
11811,J'adore EP,0,0,0,0,0,0,0,0,0,0,0,0,0,0,0,0,0,0,0,0,0,7
11811,J'adore ET,0,0,0,0,0,0,0,0,0,0,0,0,0,0,0,0,0,0,0,0,0,8
11811,L'instant,0,0,0,0,0,0,0,0,0,0,0,0,0,0,0,0,0,0,0,0,0,6
11811,Lolita Lempicka,0,0,0,0,0,0,0,0,0,0,0,0,0,0,0,0,0,0,0,0,0,8
11811,Pleasures,0,0,0,0,0,0,0,0,0,0,0,0,0,0,0,0,0,0,0,0,0,8
11811,Pure Poison,0,0,0,0,0,0,0,0,0,0,0,0,0,0,0,0,0,0,0,0,0,7
11811,Shalimar,0,0,0,0,0,0,0,0,0,0,0,0,0,0,0,0,0,0,0,0,0,4
11947,Angel,2,2,-1,1,-1,2,-1,-1,-1,-1,-1,-2,2,0,0,-1,2,0,0,2,0,3
11947,Aromatics Elixir,2,-2,2,-1,0,2,-2,0,0,0,0,-1,2,-2,0,-2,1,0,0,2,-1,3
11947,Chanel N5,2,-2,0,2,0,2,-1,-2,-1,-1,0,0,2,0,0,-1,2,0,0,2,0,1
11947,Cinema,2,1,1,0,1,0,1,1,0,0,1,-1,0,0,0,-1,1,0,0,0,0,7
11947,Coco Mademoiselle,2,1,-2,-1,-1,1,0,0,-1,0,0,-1,0,-1,0,0,1,0,0,0,0,7
11947,J'adore EP,2,0,2,-1,0,2,-1,0,0,-1,0,0,2,0,0,-1,0,0,0,2,0,5
11947,J'adore ET,1,0,2,0,0,2,-2,0,0,0,0,0,2,0,-1,0,2,0,0,0,0,5
11947,L'instant,2,-2,0,0,0,-1,2,-2,0,0,-1,0,1,1,0,0,0,0,0,2,0,6
11947,Lolita Lempicka,2,-1,0,2,-1,2,0,0,0,-1,0,0,0,-1,0,0,0,0,0,0,0,6
11947,Pleasures,2,0,0,1,0,2,-2,2,0,0,-1,0,2,0,0,-1,0,0,0,0,-1,6
11947,Pure Poison,2,2,-1,2,0,2,-1,-1,0,1,-1,0,2,0,0,0,1,0,0,2,0,5
11947,Shalimar,2,-2,-2,-2,-2,2,-2,-1,0,-1,-1,0,2,-1,0,-1,0,0,0,2,0,1
12072,Angel,1,-2,0,0,-2,-2,2,0,0,-2,-2,-2,0,2,0,0,2,0,0,2,-2,6
12072,Aromatics Elixir,1,0,-1,0,0,-2,1,-1,0,-2,1,0,0,0,0,1,0,0,0,-2,0,6
12072,Chanel N5,0,0,0,1,0,-1,1,0,0,-1,0,-1,0,0,0,1,1,0,0,2,2,6
12072,Cinema,2,0,0,1,0,0,0,1,0,2,2,0,0,2,2,2,2,0,0,2,-1,7
12072,Coco Mademoiselle,1,0,1,0,-1,0,2,-2,2,-2,1,0,0,1,0,-1,2,0,0,2,-2,7
12072,J'adore EP,1,-1,-1,-1,0,-2,0,-2,0,-2,-1,1,0,1,0,0,0,0,0,2,-1,6
12072,J'adore ET,2,0,0,-1,0,0,2,-1,0,0,-2,2,2,0,0,1,2,0,0,2,0,7
12072,L'instant,0,0,0,0,0,-1,0,-1,2,-1,1,0,0,1,0,0,2,0,0,2,1,7
12072,Lolita Lempicka,0,0,0,1,0,-1,1,-1,0,-1,1,0,0,0,0,0,0,0,0,1,1,7
12072,Pleasures,0,-1,1,0,0,-1,2,1,0,0,0,-2,0,2,0,2,0,0,0,1,2,7
12072,Pure Poison,0,0,0,1,0,1,2,1,1,1,1,0,0,2,0,1,2,0,0,2,0,7
12072,Shalimar,0,0,0,0,1,0,0,1,1,1,0,1,0,2,0,1,0,0,0,2,0,7
12138,Angel,0,-2,-1,-2,0,-2,0,-1,-2,-1,1,2,-2,-1,2,2,1,1,0,2,-1,5
12138,Aromatics Elixir,-2,-2,-1,-2,2,-2,0,-2,-2,-1,0,2,-1,0,2,0,1,0,1,2,-2,4
12138,Chanel N5,0,-1,0,-2,1,-2,0,-2,-2,0,1,0,0,-1,2,0,1,0,1,2,-2,6
12138,Cinema,-2,-1,-1,-2,0,-2,2,-2,-2,1,1,0,-1,-1,1,1,0,0,1,1,-2,5
12138,Coco Mademoiselle,-2,-1,1,-2,0,-1,1,-1,-1,0,0,0,-2,-1,1,0,0,0,0,1,-2,6
12138,J'adore EP,0,-1,2,-2,0,-1,0,-1,-2,0,-1,0,-2,-1,1,0,-1,0,0,0,-2,7
12138,J'adore ET,-2,-2,-1,-1,0,-2,-1,-1,-2,0,-1,-1,-2,-1,1,0,-1,0,0,0,-2,5
12138,L'instant,-2,-1,-1,-2,1,-2,2,-2,-2,0,1,1,-2,-1,0,0,1,0,0,1,-1,4
12138,Lolita Lempicka,2,-2,0,-2,2,-2,0,-2,-2,1,1,1,0,0,1,0,2,2,2,2,-1,3
12138,Pleasures,2,-2,-2,-2,2,-2,0,-1,0,0,0,-1,-2,-1,2,0,2,2,2,2,-1,4
12138,Pure Poison,0,-2,2,-2,0,-2,-1,-1,-2,1,1,0,-2,-1,1,0,2,1,1,1,-2,6
12138,Shalimar,-2,-2,-1,-2,2,-2,2,-1,-2,0,1,0,-2,-2,1,0,0,1,1,2,-2,4
12244,Angel,2,0,-2,-1,2,-2,1,1,1,0,0,0,2,2,-2,2,2,2,2,0,-2,4
12244,Aromatics Elixir,2,2,2,-1,-1,1,0,-2,0,0,0,0,0,2,-2,2,2,1,2,-2,1,6
12244,Chanel N5,2,2,0,-1,0,2,0,-1,-1,1,0,1,-1,0,-1,0,0,-2,0,2,0,3
12244,Cinema,-1,-2,0,1,1,1,-2,-2,0,1,2,2,-2,0,-2,0,0,2,0,0,-1,7
12244,Coco Mademoiselle,-1,0,1,-1,1,0,0,1,-1,1,0,0,0,1,-1,-1,-2,0,1,0,1,7
12244,J'adore EP,0,0,1,0,2,0,0,-1,0,0,-1,-2,0,0,-2,-1,-2,-2,0,-2,-1,4
12244,J'adore ET,-1,-1,0,2,2,-2,1,1,-1,2,0,0,-2,-1,0,0,-2,-2,0,0,0,8
12244,L'instant,-2,-2,2,0,2,-1,0,2,2,1,0,0,1,2,-2,0,1,0,2,2,-2,6
12244,Lolita Lempicka,2,1,2,0,2,2,1,2,2,2,2,0,2,0,-2,-2,-1,2,0,-2,-2,6
12244,Pleasures,1,1,2,2,2,0,-2,2,1,1,0,-1,-2,0,-2,-1,2,2,2,1,0,5
12244,Pure Poison,-2,1,1,2,0,1,0,2,1,0,0,-2,0,0,-1,0,1,0,1,0,-2,3
12244,Shalimar,-2,1,0,0,-2,2,0,-1,0,-1,0,-1,0,-1,-1,0,-1,-2,0,-1,1,7
12280,Angel,2,-2,-2,-2,0,0,-2,0,0,0,0,-1,0,2,2,2,2,2,2,0,2,4
12280,Aromatics Elixir,0,-2,0,0,-1,-1,0,0,0,0,0,0,-2,0,-1,0,-1,0,0,0,0,6
12280,Chanel N5,2,0,0,0,0,0,-1,0,0,0,0,0,0,0,1,0,0,0,0,0,0,7
12280,Cinema,-1,-2,0,0,0,0,0,0,0,0,0,0,0,0,0,0,0,0,0,0,0,7
12280,Coco Mademoiselle,-2,-2,-1,-2,-1,-1,0,0,0,0,0,0,-2,0,0,-1,0,0,0,0,-1,5
12280,J'adore EP,-2,-2,0,0,0,0,0,2,0,2,-1,0,-2,-1,0,0,-1,0,0,1,0,4
12280,J'adore ET,-2,-2,-2,-2,-2,-2,-2,2,0,2,0,0,-2,0,0,-1,-2,0,0,-1,-2,4
12280,L'instant,0,0,0,0,0,0,0,0,0,0,0,0,0,0,0,0,0,0,0,0,0,8
12280,Lolita Lempicka,-1,-2,0,0,0,0,-1,0,0,0,0,0,0,0,0,0,0,0,0,0,0,7
12280,Pleasures,2,-2,0,0,0,0,-2,1,-1,0,0,0,0,0,0,0,-1,2,2,-1,0,4
12280,Pure Poison,-1,-1,0,0,0,0,0,0,0,0,0,0,0,0,0,0,0,0,0,0,0,7
12280,Shalimar,2,-2,0,-2,0,-1,-2,0,0,0,0,0,1,0,0,0,0,0,0,2,-1,5
12291,Angel,2,2,0,-2,0,2,-2,0,0,-2,2,0,2,2,2,0,-2,2,2,0,-2,1
12291,Aromatics Elixir,2,0,2,2,2,0,0,0,0,0,-2,-2,-2,2,0,-2,-2,0,0,0,-2,7
12291,Chanel N5,0,-2,0,0,2,0,0,0,0,2,0,0,2,0,0,0,0,0,0,0,0,7
12291,Cinema,0,0,0,0,-2,0,0,0,0,0,0,0,0,0,2,0,0,0,0,0,0,9
12291,Coco Mademoiselle,0,0,0,0,2,2,2,2,0,2,0,0,2,0,0,-2,2,0,0,0,0,7
12291,J'adore EP,2,0,0,-2,-2,0,2,0,0,0,0,0,-2,2,0,0,-2,-2,0,0,0,8
12291,J'adore ET,0,0,-2,0,-2,0,-2,0,-2,0,-2,0,0,2,0,2,2,2,0,-2,-2,8
12291,L'instant,2,-2,0,-2,2,-2,-2,-2,2,-2,-2,-2,2,2,2,2,2,2,2,2,-2,3
12291,Lolita Lempicka,2,0,0,2,0,0,2,-2,2,-2,0,0,0,0,-2,-2,0,0,0,2,-2,8
12291,Pleasures,2,0,0,-2,0,0,0,1,0,0,-2,0,-2,0,0,0,-2,0,0,-2,0,8
12291,Pure Poison,0,0,-2,0,0,0,-2,0,2,-2,-2,0,0,-2,0,-2,-2,0,0,2,-2,8
12291,Shalimar,2,0,2,0,0,0,0,2,0,0,2,-2,2,2,0,0,-2,0,2,2,-2,3
12292,Angel,2,-2,1,1,1,0,-2,-1,2,-2,-2,-2,2,2,2,2,-2,2,2,2,1,2
12292,Aromatics Elixir,-1,-2,1,1,1,-1,1,0,0,0,1,1,1,2,2,2,1,2,2,2,-1,7
12292,Chanel N5,1,1,1,1,1,1,1,1,-1,1,-1,-1,1,1,2,1,0,0,0,1,1,7
12292,Cinema,0,-1,1,0,2,1,1,-2,-2,-2,-2,-1,1,2,2,2,1,2,2,2,-2,6
12292,Coco Mademoiselle,-2,-1,1,1,-2,-1,-2,1,0,-2,-1,0,1,2,2,2,1,2,2,2,-2,5
12292,J'adore EP,-2,0,-1,0,-1,0,0,0,0,0,0,-1,0,1,1,0,0,1,1,0,-1,9
12292,J'adore ET,-1,1,1,1,-1,-2,-1,-2,-1,-1,1,-1,0,1,1,1,-1,1,1,0,-1,7
12292,L'instant,0,0,0,1,-2,1,-1,-1,-1,0,2,-1,1,1,1,1,1,0,0,1,1,6
12292,Lolita Lempicka,-1,-2,1,1,-1,0,1,1,0,-1,0,1,1,1,1,1,1,2,2,2,1,5
12292,Pleasures,-2,0,0,1,0,0,-1,0,1,0,2,0,0,0,1,1,-1,0,0,0,0,8
12292,Pure Poison,-1,0,1,1,-1,1,1,0,0,1,0,-1,0,0,1,1,-1,1,1,2,0,8
12292,Shalimar,2,-2,-2,1,1,-2,-2,1,2,-2,2,-2,1,2,2,2,1,2,2,2,-2,4
12471,Angel,0,0,2,2,2,2,1,2,2,1,0,0,0,0,0,-1,-1,0,0,2,2,2
12471,Aromatics Elixir,2,-2,2,2,1,0,2,0,2,0,0,0,0,0,0,0,2,0,0,2,0,2
12471,Chanel N5,0,-2,-1,2,0,-1,0,0,0,0,0,0,0,0,0,0,-1,0,2,0,0,3
12471,Cinema,1,-1,2,1,0,2,0,2,1,1,0,0,0,0,0,0,2,0,0,0,0,4
12471,Coco Mademoiselle,-1,0,1,0,0,0,0,0,1,0,0,0,0,0,0,0,0,0,0,0,0,7
12471,J'adore EP,0,0,0,2,0,0,0,0,2,0,0,0,0,0,0,0,1,0,0,1,0,7
12471,J'adore ET,0,0,0,0,0,0,0,0,0,1,0,0,0,0,0,0,0,0,0,0,0,9
12471,L'instant,2,1,2,-1,0,2,0,0,2,0,0,0,2,0,0,0,2,0,0,2,0,2
12471,Lolita Lempicka,0,-1,2,-1,0,0,0,0,0,0,0,0,0,0,0,0,0,0,0,1,0,8
12471,Pleasures,0,-1,1,0,0,0,0,0,1,0,0,0,0,0,0,0,0,0,0,0,0,8
12471,Pure Poison,-2,0,0,0,0,0,0,0,0,0,0,0,0,0,0,0,1,0,0,2,0,6
12471,Shalimar,2,-2,2,2,0,-1,2,0,2,0,0,1,2,0,0,0,2,0,0,1,0,1
12535,Angel,2,-1,2,0,-2,1,0,2,0,-2,2,2,-1,2,2,2,2,1,2,-2,-1,4
12535,Aromatics Elixir,2,-2,-2,0,-1,0,-2,2,1,-2,1,0,2,2,2,2,2,2,2,2,-2,1
12535,Chanel N5,1,-1,-1,0,-1,0,-1,1,1,2,1,0,-2,0,0,2,2,1,0,-2,-1,7
12535,Cinema,1,2,-2,1,-1,0,-1,0,0,1,0,1,-2,1,-1,1,0,0,0,-1,0,7
12535,Coco Mademoiselle,2,-2,-2,1,-1,0,-2,1,0,-1,-1,2,1,2,2,0,2,2,2,-2,-1,3
12535,J'adore EP,-1,-2,2,2,0,2,-2,-1,0,2,-1,0,-2,1,1,2,1,1,0,-2,0,5
12535,J'adore ET,2,2,2,0,1,0,-2,1,1,2,-1,-1,-1,0,0,0,2,0,0,-2,2,4
12535,L'instant,1,-1,2,2,2,1,-1,2,1,0,-1,0,-1,2,1,2,1,2,1,-1,-2,8
12535,Lolita Lempicka,1,-2,-1,2,2,0,2,-1,2,-1,2,0,-2,2,0,2,2,1,2,-2,-2,2
12535,Pleasures,-1,2,2,-1,-2,1,-2,2,0,2,-1,-1,-2,0,0,1,0,0,0,-2,-2,5
12535,Pure Poison,0,0,0,2,0,2,-2,-1,0,0,-1,0,-2,0,0,2,1,-1,0,-2,-1,7
12535,Shalimar,2,-2,0,2,-2,0,-2,1,0,0,-2,0,2,-2,-1,1,1,0,1,-2,-2,4
12547,Angel,2,-2,-2,-1,0,-2,-2,2,1,2,0,1,0,2,2,2,2,1,1,2,0,2
12547,Aromatics Elixir,2,-2,0,0,-2,-2,-2,0,0,0,0,0,0,2,2,0,1,0,2,0,1,1
12547,Chanel N5,0,0,2,0,-1,0,0,0,0,0,0,0,0,0,0,0,0,0,0,0,0,5
12547,Cinema,-2,-1,-1,0,0,0,-1,1,0,0,0,0,0,0,0,0,0,0,0,0,0,7
12547,Coco Mademoiselle,0,-1,-1,-1,0,0,1,0,0,1,1,1,0,0,0,0,1,0,0,0,1,4
12547,J'adore EP,-2,0,1,0,0,0,0,0,0,2,0,0,0,0,0,0,0,0,0,0,0,8
12547,J'adore ET,0,0,0,0,0,0,0,0,0,0,0,0,0,0,0,0,0,0,0,0,0,5
12547,L'instant,-2,-2,-1,-1,0,-1,0,0,0,1,0,0,0,0,0,0,0,0,0,0,0,6
12547,Lolita Lempicka,2,0,0,0,0,0,1,0,0,1,0,0,0,0,0,0,0,0,0,0,0,7
12547,Pleasures,2,1,2,0,0,1,0,0,0,1,0,0,0,0,0,0,0,0,0,0,1,4
12547,Pure Poison,0,0,0,0,0,0,0,0,0,0,0,0,0,0,0,0,0,0,0,0,0,5
12547,Shalimar,1,-2,-1,-1,1,-1,-1,0,0,-1,0,0,0,0,0,1,1,1,0,0,0,6
12574,Angel,2,-1,-1,2,-1,-1,-2,0,-2,0,-1,-1,2,2,1,-2,2,2,2,-2,2,1
12574,Aromatics Elixir,2,2,-2,2,-2,1,-2,0,-2,0,-2,-1,2,1,0,-2,2,1,2,-2,2,2
12574,Chanel N5,2,2,1,1,2,2,-2,1,-2,0,1,-1,1,1,0,-1,2,1,2,-2,2,4
12574,Cinema,0,0,0,1,0,0,0,0,-1,0,0,0,0,0,0,0,0,0,0,0,0,8
12574,Coco Mademoiselle,1,2,-1,2,-2,2,-2,0,-1,0,-1,0,-1,0,0,-2,-1,1,0,-2,2,4
12574,J'adore EP,1,2,-2,2,-2,2,-2,1,-2,0,-1,-1,0,1,0,-2,2,1,2,0,2,3
12574,J'adore ET,1,2,-1,-1,-1,1,0,1,0,0,0,0,1,1,0,0,1,-1,0,-2,2,3
12574,L'instant,0,0,0,0,0,0,0,0,0,0,0,0,0,0,0,0,0,0,0,0,0,8
12574,Lolita Lempicka,0,0,0,0,0,2,0,0,-1,0,0,-1,0,0,0,-2,0,0,1,-1,1,7
12574,Pleasures,2,1,-2,2,-2,2,-2,1,-2,2,-2,-2,2,2,2,-2,2,1,2,-2,2,3
12574,Pure Poison,0,0,-1,2,-1,1,-2,0,-1,0,-2,-1,1,0,0,-2,2,0,2,-1,2,4
12574,Shalimar,2,2,-2,2,-2,-2,-2,-1,-2,-1,-1,0,0,-1,0,-2,-1,0,0,0,-1,4
12580,Angel,0,-1,0,-2,1,0,0,0,0,0,-1,0,-1,-1,0,-1,-2,0,0,-1,-1,5
12580,Aromatics Elixir,0,0,0,0,-2,0,0,0,0,0,0,0,0,0,0,0,0,1,0,-2,0,4
12580,Chanel N5,1,0,0,-2,0,1,-2,0,1,2,-2,0,0,0,0,0,-2,0,0,-2,0,4
12580,Cinema,-1,-1,1,-1,-1,0,0,0,0,0,1,0,-2,-2,0,-1,-2,0,0,-1,0,3
12580,Coco Mademoiselle,0,0,0,0,0,0,1,-1,0,1,-1,0,-2,-2,0,0,0,0,0,-2,1,8
12580,J'adore EP,0,0,0,0,0,0,0,0,0,0,0,0,-2,0,0,0,0,0,0,-1,0,8
12580,J'adore ET,0,0,0,0,0,0,0,0,0,0,0,0,0,0,0,0,-2,0,0,0,0,8
12580,L'instant,1,0,0,-2,-1,1,1,0,1,2,0,0,-2,0,0,0,0,0,0,-1,0,3
12580,Lolita Lempicka,-2,0,-1,0,0,0,0,0,-1,0,0,0,-2,-1,0,-1,-1,0,0,-1,0,8
12580,Pleasures,0,0,0,0,0,0,0,0,0,0,-1,0,-1,0,0,0,0,0,0,0,0,8
12580,Pure Poison,0,-1,0,-1,0,0,0,0,0,-1,-1,0,-2,-1,0,0,-2,0,0,-1,-1,7
12580,Shalimar,-1,1,0,-2,0,0,0,0,0,-1,-1,-1,-1,-2,0,-1,-1,0,0,0,0,5
12656,Angel,2,-2,0,0,0,-1,2,-1,1,0,1,1,0,0,-2,0,1,0,1,-1,-2,4
12656,Aromatics Elixir,0,-1,0,-2,-1,0,2,0,-1,0,-1,-1,0,-1,-1,1,0,0,0,0,-2,4
12656,Chanel N5,1,1,-1,-1,-1,0,-1,0,-1,0,-1,0,-1,-2,-1,-2,-1,-1,0,0,-2,4
12656,Cinema,0,0,0,0,0,0,0,0,-1,0,0,0,-1,-1,-1,0,0,0,0,-1,0,6
12656,Coco Mademoiselle,0,0,0,0,0,0,0,1,0,0,0,0,0,-1,-1,0,-1,0,0,-1,0,6
12656,J'adore EP,0,1,0,-1,-1,0,0,0,0,0,0,-1,0,-1,0,0,0,-1,-1,0,0,6
12656,J'adore ET,0,1,-1,-1,-2,0,-1,0,0,0,-1,-1,-1,-1,-1,-1,-2,0,-1,0,0,5
12656,L'instant,-1,-1,0,0,0,0,1,0,0,0,0,0,0,0,0,-1,0,0,0,0,-1,6
12656,Lolita Lempicka,2,0,0,-1,0,0,0,0,0,-1,-1,0,0,-1,0,0,0,-1,0,0,-1,4
12656,Pleasures,0,0,0,0,-1,0,0,0,-1,0,-2,0,0,-2,-2,-1,-1,0,0,-1,0,6
12656,Pure Poison,0,0,0,0,-1,0,0,0,-1,0,0,0,-1,-1,0,0,0,0,0,0,-1,5
12656,Shalimar,0,-1,0,-2,-1,-1,2,0,-1,0,0,0,0,0,-1,-1,0,-1,0,-1,-1,5
12706,Angel,2,-1,0,1,2,-2,0,1,0,1,1,1,2,0,1,0,2,2,2,0,-2,2
12706,Aromatics Elixir,0,-1,1,2,1,-1,1,1,1,0,1,0,0,0,0,0,2,2,0,2,-2,4
12706,Chanel N5,0,2,2,0,0,2,-2,-1,-1,-1,-1,-1,-1,-1,-1,-2,-1,-1,-1,0,-2,5
12706,Cinema,0,-1,0,0,0,0,1,0,0,0,1,0,1,0,0,0,0,0,1,0,0,7
12706,Coco Mademoiselle,1,-2,0,2,1,-1,2,0,0,1,1,2,2,1,0,0,2,1,2,0,-2,4
12706,J'adore EP,0,2,1,1,1,2,1,1,0,2,1,0,0,0,0,0,-1,0,-1,0,2,7
12706,J'adore ET,2,-1,0,2,0,1,2,0,1,2,2,1,2,2,1,0,2,2,2,0,-2,1
12706,L'instant,1,-1,-1,2,1,-2,2,1,0,1,1,0,2,1,0,1,0,0,1,0,-2,4
12706,Lolita Lempicka,0,0,0,0,0,0,0,0,0,0,0,0,0,0,0,0,0,0,0,0,0,7
12706,Pleasures,0,0,0,0,0,0,0,0,0,0,0,0,0,0,0,-1,-1,0,-1,0,2,7
12706,Pure Poison,1,-1,1,0,1,-2,0,1,0,0,0,0,2,0,0,0,2,2,2,2,-2,4
12706,Shalimar,0,0,1,1,2,0,2,0,0,0,0,0,2,0,0,0,0,0,-1,0,0,6
12742,Angel,2,-2,1,0,-1,-1,1,0,1,-1,-1,1,2,0,0,1,1,0,0,0,-2,7
12742,Aromatics Elixir,1,-2,0,0,0,-2,0,2,0,-1,0,0,2,0,0,0,2,0,0,0,-2,4
12742,Chanel N5,2,-2,0,2,0,-1,2,1,0,-2,-1,0,2,1,0,0,0,0,0,2,-2,4
12742,Cinema,0,0,0,0,0,0,0,-2,0,-1,0,0,-1,0,0,0,1,0,0,0,-2,7
12742,Coco Mademoiselle,0,0,0,-1,0,0,0,0,0,0,0,0,0,0,0,0,0,0,0,0,0,7
12742,J'adore EP,0,0,0,0,0,0,0,0,1,-1,0,0,0,0,0,0,1,0,0,0,-2,7
12742,J'adore ET,1,1,0,0,-1,-1,0,1,0,-1,0,0,1,0,0,0,0,0,0,0,-2,6
12742,L'instant,1,-2,0,0,0,0,0,1,0,-1,0,0,1,0,0,0,1,0,0,0,-2,7
12742,Lolita Lempicka,0,0,0,0,-1,-2,0,0,0,0,0,0,0,0,1,0,0,0,0,0,-2,5
12742,Pleasures,0,0,0,0,0,0,0,0,0,0,0,0,0,0,0,0,0,0,0,0,0,7
12742,Pure Poison,0,0,0,-2,0,1,0,0,0,-1,0,0,1,0,0,0,1,0,0,0,0,7
12742,Shalimar,1,-2,2,-1,0,-2,0,1,0,-2,0,0,1,0,0,0,1,0,0,0,-2,4
12774,Angel,2,-2,-2,-2,-1,-2,1,-2,1,-1,2,1,1,2,2,-1,-2,1,2,1,2,2
12774,Aromatics Elixir,2,2,2,1,1,1,1,1,1,1,-1,-1,1,1,1,0,-1,1,0,-1,1,4
12774,Chanel N5,2,-2,-2,-2,1,-2,-1,-1,-2,1,1,1,1,2,2,1,-1,1,2,2,1,3
12774,Cinema,1,1,1,1,-1,2,-2,1,1,1,-2,-1,0,1,1,1,0,0,0,-1,1,6
12774,Coco Mademoiselle,2,2,1,2,-2,-2,1,1,2,0,-2,-1,2,1,1,-1,-2,0,0,-1,1,4
12774,J'adore EP,1,-1,2,-1,-2,-2,-2,-1,-2,0,-2,-2,-2,0,0,0,-1,-1,1,0,0,6
12774,J'adore ET,2,-2,-2,-2,1,-2,-1,-2,-2,-2,2,1,1,2,2,-2,-2,2,1,2,1,3
12774,L'instant,1,-2,1,-2,-1,-2,1,0,-1,1,-1,-1,1,0,0,0,1,1,0,-1,0,6
12774,Lolita Lempicka,1,1,0,-1,0,0,0,0,-1,0,-1,0,-1,1,1,1,0,1,0,0,1,5
12774,Pleasures,-1,-2,-2,-2,-1,-2,-1,-1,-1,-1,1,0,-2,0,1,-1,-1,0,0,0,1,4
12774,Pure Poison,-2,-2,-2,-2,-1,-1,-1,0,0,-1,-1,-1,-2,0,1,0,-1,0,0,0,0,5
12774,Shalimar,2,-2,-2,-2,2,-2,2,-1,1,1,1,2,-2,2,2,-1,-2,1,2,1,1,2
12859,Angel,1,-1,-2,-1,-1,-2,-2,-1,1,-1,0,-1,1,0,2,-1,2,2,2,-1,1,4
12859,Aromatics Elixir,1,1,0,-1,0,2,-2,0,1,-1,-1,0,1,1,1,0,1,1,2,0,1,4
12859,Chanel N5,2,-1,1,0,-1,0,0,-1,-1,1,-1,-2,2,-1,0,-1,0,1,1,1,-1,6
12859,Cinema,-2,2,2,-1,1,2,1,1,1,1,-2,-1,1,1,2,2,2,0,2,0,1,6
12859,Coco Mademoiselle,1,2,2,0,2,2,-2,-1,1,-1,-2,-2,-1,-1,-1,-1,-1,-1,2,1,2,5
12859,J'adore EP,0,1,0,-1,-1,0,-2,0,0,1,-2,-1,1,1,0,0,0,-1,1,-1,1,4
12859,J'adore ET,-2,2,1,2,1,1,-1,-1,2,1,-1,-1,1,-2,0,-1,1,0,1,1,1,7
12859,L'instant,0,1,-1,0,0,1,1,-1,1,1,-1,-1,2,1,1,1,2,2,2,1,1,6
12859,Lolita Lempicka,1,1,1,0,2,1,0,-1,1,0,2,-1,-1,-2,-1,-2,-1,-1,-1,-2,2,5
12859,Pleasures,2,1,2,1,2,2,0,0,1,1,1,-1,1,-1,0,-1,0,0,-1,-2,2,6
12859,Pure Poison,0,0,-1,1,-1,1,-1,0,0,0,-2,-1,1,1,0,0,1,1,2,-1,0,6
12859,Shalimar,-2,0,0,0,0,-1,0,1,-1,0,0,-1,1,1,1,0,2,1,1,0,-1,8
12872,Angel,2,-2,-2,-2,-2,-2,-2,-2,-2,-2,0,-2,-2,2,2,-2,-2,2,0,2,-2,1
12872,Aromatics Elixir,2,-2,0,-1,0,-2,-2,-2,-2,-2,-2,-2,-2,0,2,0,-2,0,0,0,-2,3
12872,Chanel N5,2,-2,2,0,0,-2,-2,-2,-2,-2,0,0,2,0,0,2,-2,0,0,2,-2,4
12872,Cinema,1,-2,-2,-2,-2,-2,-2,-2,-2,-2,2,0,2,2,2,0,2,2,0,2,-2,2
12872,Coco Mademoiselle,0,-2,0,0,2,0,-2,-2,0,-2,0,-2,0,0,0,2,-2,0,0,0,-2,5
12872,J'adore EP,0,0,0,0,-2,0,0,0,0,0,0,0,0,0,0,0,0,0,0,0,0,9
12872,J'adore ET,1,-2,0,0,0,-1,0,-2,0,0,0,0,0,0,0,0,0,0,0,0,0,8
12872,L'instant,-2,-2,-1,-1,0,-2,-2,-2,-2,-2,-1,0,-1,0,0,0,-2,0,0,0,-1,6
12872,Lolita Lempicka,0,0,0,0,0,-2,0,0,0,0,0,0,0,0,0,0,0,0,0,0,-2,9
12872,Pleasures,1,-2,-2,-2,-2,-2,-2,-2,-2,-2,0,0,2,2,0,-1,-2,2,0,0,-2,5
12872,Pure Poison,0,0,-2,0,0,0,-2,0,0,0,0,0,0,0,0,0,0,0,0,0,-2,9
12872,Shalimar,1,-2,0,0,-2,-2,-2,-2,-2,-2,-1,0,-1,2,2,2,-2,2,2,0,-2,2
12924,Angel,2,0,-2,-1,-2,0,-1,-1,0,0,-2,0,-1,-2,0,-2,-2,0,0,1,-1,6
12924,Aromatics Elixir,1,-2,0,2,-1,-2,0,-2,0,-2,-2,0,2,-1,0,0,2,-1,0,2,-2,4
12924,Chanel N5,2,-1,-1,1,-2,-1,0,-1,0,0,-2,0,0,-1,0,-1,1,0,0,1,0,5
12924,Cinema,-2,-1,0,0,0,0,0,0,-1,0,0,0,0,0,0,0,0,0,0,0,0,8
12924,Coco Mademoiselle,0,0,0,0,0,0,0,-1,0,0,0,0,0,0,0,0,0,0,0,0,0,8
12924,J'adore EP,-2,0,0,0,0,0,-1,-2,-1,0,-2,0,0,0,0,-2,0,0,0,0,0,6
12924,J'adore ET,0,0,0,0,0,0,0,0,0,0,0,0,0,0,0,0,0,-1,0,0,0,8
12924,L'instant,0,0,0,0,-2,0,-1,-1,0,-1,-2,0,0,0,0,0,1,0,0,0,-2,6
12924,Lolita Lempicka,0,0,-2,-1,-1,0,0,-1,0,0,1,0,0,0,0,0,1,0,0,0,0,6
12924,Pleasures,1,0,-2,2,1,2,-2,-2,-1,-2,-2,0,1,-2,0,-2,1,0,0,2,-2,5
12924,Pure Poison,0,0,0,0,0,0,0,0,0,0,0,0,0,0,0,0,0,0,0,0,0,8
12924,Shalimar,0,1,1,-1,-2,2,-1,-1,-1,0,-1,0,-1,-2,0,-2,0,-1,0,0,0,6
13048,Angel,2,-2,-1,-1,0,-1,2,-1,-1,-1,2,0,-2,0,0,0,0,0,0,0,-2,3
13048,Aromatics Elixir,2,-2,-1,-1,-1,-1,0,-1,0,-2,0,0,1,2,2,0,1,0,0,0,-2,6
13048,Chanel N5,1,-2,-2,-2,-2,-2,0,0,0,-2,0,0,-2,0,2,-2,2,0,2,2,-2,2
13048,Cinema,2,-2,-2,-1,-1,-2,0,-2,0,-2,0,0,-2,-2,0,-1,2,0,0,2,-2,5
13048,Coco Mademoiselle,0,0,-1,-1,-1,0,0,-1,0,0,0,0,-2,-2,0,-1,2,0,0,0,-2,7
13048,J'adore EP,1,2,0,0,-1,-2,0,0,-2,-1,0,0,-2,1,0,-2,0,0,0,2,-2,7
13048,J'adore ET,1,-2,-1,2,-1,-2,0,-1,0,-1,0,0,-2,-1,0,0,2,0,0,0,-2,5
13048,L'instant,0,-2,-1,-2,-1,-2,2,-1,-1,-1,2,0,-2,-2,0,-2,2,0,0,2,-2,1
13048,Lolita Lempicka,-2,-2,1,0,0,-2,1,-1,-1,-1,2,1,-2,-1,0,-1,0,0,0,0,-2,6
13048,Pleasures,0,0,-1,-1,-1,2,0,-1,0,1,0,0,-2,-1,0,-1,0,0,0,0,-2,5
13048,Pure Poison,-1,0,-1,-2,-1,-1,0,-2,0,-1,0,0,-1,2,0,-1,1,0,0,0,-2,7
13048,Shalimar,1,-2,-1,-1,-1,-2,0,-1,0,-2,0,0,-2,-2,1,-2,2,0,2,2,-2,1
13073,Angel,0,1,0,0,0,0,0,0,0,0,0,0,0,0,0,0,1,0,0,0,0,6
13073,Aromatics Elixir,0,0,0,0,0,0,0,0,0,0,0,0,0,0,0,0,0,0,0,0,0,4
13073,Chanel N5,0,0,0,0,0,0,0,0,0,0,0,0,0,0,0,0,2,0,0,0,0,4
13073,Cinema,0,0,0,0,0,0,0,0,0,0,0,0,0,0,-2,0,-2,0,0,0,0,7
13073,Coco Mademoiselle,0,0,0,0,0,0,0,0,0,0,0,-1,0,0,-2,0,-2,0,0,0,0,8
13073,J'adore EP,0,0,0,-1,0,0,0,0,0,0,0,0,0,0,0,0,-1,0,-2,-1,-2,7
13073,J'adore ET,0,0,0,0,0,-1,0,0,0,0,0,0,0,0,0,0,0,0,0,0,0,7
13073,L'instant,0,0,0,0,0,0,0,0,0,0,0,0,0,0,0,0,0,0,0,0,0,5
13073,Lolita Lempicka,2,0,0,0,0,0,0,0,0,0,0,0,0,0,-2,0,-2,0,0,0,0,6
13073,Pleasures,0,0,0,0,0,0,0,0,0,0,0,0,0,0,0,0,-2,0,0,0,0,7
13073,Pure Poison,2,0,0,0,0,0,0,0,0,0,0,0,0,0,0,0,0,0,0,0,0,4
13073,Shalimar,0,0,0,0,0,0,0,0,0,0,0,0,0,0,0,0,0,0,0,0,0,4
13090,Angel,1,-2,-1,0,-1,-1,-1,-1,-1,0,0,-1,-2,2,2,-2,2,0,0,1,0,1
13090,Aromatics Elixir,2,-2,-2,0,-2,0,-1,0,-2,-1,0,-2,-2,2,2,-2,-1,0,0,0,0,1
13090,Chanel N5,-1,0,-1,0,1,0,0,0,0,0,0,0,-1,0,0,1,1,0,0,-1,0,5
13090,Cinema,0,0,0,0,0,0,0,0,0,0,0,0,-1,0,0,0,1,0,0,0,0,7
13090,Coco Mademoiselle,1,1,0,0,0,1,1,0,0,0,0,1,0,0,0,0,0,0,0,0,0,6
13090,J'adore EP,1,-1,1,0,0,2,1,2,0,2,0,0,0,0,0,0,0,0,0,0,1,4
13090,J'adore ET,1,-1,2,0,-1,-1,-1,0,0,2,0,0,2,0,0,0,0,0,0,0,0,5
13090,L'instant,0,1,-1,0,0,1,0,1,0,0,1,0,1,2,0,0,1,0,0,0,0,6
13090,Lolita Lempicka,1,-2,0,0,0,0,2,0,0,0,0,0,-1,0,0,0,1,0,0,1,0,6
13090,Pleasures,-1,-2,1,1,1,0,0,0,0,2,1,-1,-2,0,0,0,-1,0,0,1,0,2
13090,Pure Poison,0,0,0,0,0,0,0,0,0,0,0,0,0,0,0,-1,0,0,0,0,0,8
13090,Shalimar,0,1,0,0,0,0,0,0,0,0,0,0,0,1,0,0,0,0,0,0,0,5
13121,Angel,0,0,0,0,0,0,1,0,0,0,0,0,0,0,0,0,0,0,0,0,0,3
13121,Aromatics Elixir,0,-1,0,0,1,0,0,0,0,0,0,0,2,0,0,0,0,0,0,0,0,1
13121,Chanel N5,-2,-2,0,0,0,0,0,0,0,0,0,0,1,0,0,0,0,0,0,0,0,1
13121,Cinema,0,0,0,0,0,0,0,0,0,0,0,0,0,0,0,0,0,0,0,0,0,7
13121,Coco Mademoiselle,0,0,0,0,0,0,0,0,0,0,0,0,0,0,0,0,0,0,0,0,0,7
13121,J'adore EP,0,0,0,0,0,0,0,0,0,0,0,0,0,0,0,0,0,0,0,0,0,7
13121,J'adore ET,0,0,0,0,0,0,0,0,0,-1,0,0,0,0,0,0,0,0,0,0,0,7
13121,L'instant,0,0,0,0,0,0,0,0,0,0,0,0,0,0,0,0,0,0,0,0,0,4
13121,Lolita Lempicka,0,0,0,0,0,0,0,0,0,0,0,0,0,0,0,0,0,0,0,0,0,6
13121,Pleasures,0,0,0,0,0,0,0,0,0,-1,0,0,0,0,0,0,0,0,0,0,0,7
13121,Pure Poison,0,-1,1,0,0,1,1,0,0,-2,0,0,0,0,0,0,0,0,0,0,0,5
13121,Shalimar,-1,0,0,0,0,0,1,0,0,0,0,0,0,0,0,0,0,0,0,0,0,7
13292,Angel,2,2,0,0,1,-2,2,-1,2,0,-2,2,2,0,2,0,0,2,2,2,0,2
13292,Aromatics Elixir,2,-2,2,2,2,-2,-2,-2,2,-2,-2,-2,2,2,2,2,2,2,2,2,-2,1
13292,Chanel N5,2,-2,2,2,-2,-2,-2,-2,2,0,-2,-2,0,0,0,-2,2,2,2,-2,-1,1
13292,Cinema,1,-1,0,0,-2,0,-2,-2,0,0,0,0,0,0,0,0,1,1,1,0,1,6
13292,Coco Mademoiselle,0,0,0,0,-1,1,0,0,0,0,0,0,0,-1,0,1,2,0,2,-1,0,9
13292,J'adore EP,0,0,0,0,0,0,0,0,0,0,0,0,0,0,1,0,0,0,0,0,0,7
13292,J'adore ET,2,-2,2,0,-1,1,-1,-2,-2,-1,-2,-1,-1,-1,0,-2,-2,0,0,-1,-2,1
13292,L'instant,2,-2,0,2,0,-2,-2,-2,0,0,-2,-2,0,2,0,0,0,0,2,-1,-2,1
13292,Lolita Lempicka,0,0,0,0,0,0,0,0,0,0,0,0,0,0,0,0,0,0,0,0,0,9
13292,Pleasures,-2,-2,-2,-2,-2,-2,-2,-2,-2,0,0,0,0,1,0,-1,0,0,0,-1,-1,2
13292,Pure Poison,0,-2,2,2,1,-2,-2,0,0,-1,-2,-2,1,0,0,0,0,0,0,1,1,7
13292,Shalimar,2,-2,2,2,-2,-2,-2,-2,2,-2,-2,-2,1,0,2,1,1,2,2,1,2,1
13311,Angel,1,-1,1,-2,-1,-1,-1,-1,-1,-2,-1,-2,1,2,1,1,2,0,2,1,0,1
13311,Aromatics Elixir,2,-2,-1,-2,-1,-1,-2,0,-1,-1,-1,-1,1,1,0,1,1,0,1,2,0,3
13311,Chanel N5,1,-1,-2,-1,-2,-1,-2,-2,0,-1,-1,-1,0,0,0,-1,0,0,0,-1,0,6
13311,Cinema,0,0,0,-1,-1,-1,-1,0,0,0,-1,-1,-1,0,0,0,0,0,0,0,0,7
13311,Coco Mademoiselle,1,-1,0,-1,-1,0,-1,0,0,0,-1,-1,0,0,0,0,0,0,0,0,0,9
13311,J'adore EP,0,0,0,0,0,0,0,0,0,0,0,0,0,0,0,0,0,0,0,0,0,9
13311,J'adore ET,0,0,0,0,0,0,0,0,0,0,0,0,0,0,0,0,0,0,0,0,0,9
13311,L'instant,1,-1,-1,-2,-1,0,-1,0,1,0,-1,-2,1,1,0,1,1,0,1,1,0,3
13311,Lolita Lempicka,-1,-1,-1,-1,-1,0,-1,0,-1,0,-2,-1,0,0,0,0,0,0,0,0,0,8
13311,Pleasures,0,0,0,0,0,0,0,0,0,0,-1,0,0,0,0,0,0,0,0,0,0,9
13311,Pure Poison,0,0,0,-1,-1,-1,-1,0,0,-1,0,-1,0,0,0,0,0,0,0,0,0,7
13311,Shalimar,2,1,1,-2,-1,-2,-2,0,1,-1,0,-2,1,1,0,0,1,0,1,1,0,2
13313,Angel,0,0,0,-1,1,0,0,-2,0,1,1,2,0,0,0,0,0,1,2,0,0,6
13313,Aromatics Elixir,0,-1,-1,-2,0,-1,0,0,-1,0,-1,-1,-1,0,0,-1,0,0,0,-1,-1,8
13313,Chanel N5,0,0,0,-1,0,-1,0,-1,0,-1,-1,0,0,0,1,0,1,1,1,0,-2,8
13313,Cinema,0,0,0,-1,2,-1,1,0,2,-1,-1,0,-1,0,-1,0,-2,0,1,0,1,7
13313,Coco Mademoiselle,-2,0,0,-1,0,0,-1,0,0,0,-1,-1,-1,-1,-1,0,-1,-1,-2,-1,0,9
13313,J'adore EP,0,-1,0,0,0,-1,0,0,0,-2,0,0,-2,-1,-1,-1,-2,0,0,1,1,8
13313,J'adore ET,0,-1,1,-1,2,-1,0,0,-2,0,0,2,-1,-2,1,0,-2,0,0,0,-2,5
13313,L'instant,0,-1,-1,-1,2,-2,1,-1,0,-1,-2,1,0,1,1,2,-2,0,0,0,-2,8
13313,Lolita Lempicka,-1,0,-1,-1,-1,-1,-1,-1,0,-1,-2,-1,0,-1,-1,-1,-1,0,0,0,-2,8
13313,Pleasures,-1,0,0,-1,0,-1,0,0,0,0,-1,-1,-1,0,-1,0,-1,-1,0,0,-1,8
13313,Pure Poison,0,-1,-1,-1,0,-1,0,0,0,-1,0,0,1,-1,0,0,0,0,0,0,-1,9
13313,Shalimar,0,-1,1,-1,1,-1,-1,-1,0,1,-2,-1,-1,-1,0,-1,-2,0,0,1,-1,8
13428,Angel,2,-2,1,1,0,-2,2,0,1,2,2,2,0,0,0,0,0,0,0,2,-2,1
13428,Aromatics Elixir,2,-2,-2,2,-2,-2,0,-2,-1,0,0,1,1,-1,-2,-1,2,0,0,2,-2,5
13428,Chanel N5,1,0,0,1,1,-2,0,0,0,0,0,0,1,0,0,0,1,0,0,1,-2,3
13428,Cinema,1,0,0,-1,0,-2,2,0,0,1,0,0,0,0,0,1,0,0,0,0,-2,5
13428,Coco Mademoiselle,0,-1,0,0,0,-1,0,0,0,0,0,0,1,0,0,0,0,0,0,1,-2,6
13428,J'adore EP,1,0,-1,-1,0,-2,0,2,0,2,0,0,-1,0,0,0,-1,0,0,0,-2,5
13428,J'adore ET,0,0,0,0,0,-1,0,0,0,0,0,0,0,0,0,0,0,0,0,0,-1,8
13428,L'instant,1,-2,-1,1,0,-2,1,0,0,0,0,1,1,0,0,0,1,0,0,1,-2,6
13428,Lolita Lempicka,2,-2,-2,-1,0,-2,2,2,0,2,2,2,0,0,0,0,0,0,0,0,-2,1
13428,Pleasures,0,-1,0,-1,-1,-1,0,-1,0,0,0,0,0,0,0,0,0,0,0,0,0,7
13428,Pure Poison,0,-2,0,0,0,-1,0,0,0,0,0,0,-1,-1,0,0,0,0,0,0,-1,7
13428,Shalimar,2,-2,0,0,-1,-2,2,1,0,2,2,2,-1,0,1,1,0,0,1,0,-2,1
13538,Angel,0,-1,0,0,0,-1,0,0,0,0,0,0,0,0,0,0,1,0,0,0,0,7
13538,Aromatics Elixir,-2,-2,0,-2,-2,-2,0,0,0,0,0,0,0,0,0,0,0,0,0,0,0,5
13538,Chanel N5,0,0,1,0,0,-1,0,-1,1,0,0,0,0,0,0,0,1,-1,0,0,0,7
13538,Cinema,-1,0,1,1,-1,-1,1,0,-1,-1,0,0,0,0,0,0,0,0,0,0,0,7
13538,Coco Mademoiselle,0,0,-2,-2,2,-2,-1,0,0,-1,0,0,0,0,0,0,0,0,0,0,0,8
13538,J'adore EP,-2,-2,-1,-1,0,-2,-2,0,0,0,0,0,0,0,0,1,0,0,0,0,0,5
13538,J'adore ET,-1,-1,0,1,0,-2,0,0,1,1,0,0,0,0,0,0,0,0,0,0,0,7
13538,L'instant,2,-1,0,0,0,0,0,0,0,0,0,0,0,0,0,0,0,0,0,0,0,5
13538,Lolita Lempicka,0,-1,1,-1,0,-1,-1,0,0,0,0,0,0,0,0,1,1,0,0,0,0,5
13538,Pleasures,-1,-1,0,0,0,-1,0,0,0,-1,0,0,0,0,0,0,0,0,0,0,0,6
13538,Pure Poison,0,-1,1,1,0,-1,0,0,0,0,0,0,0,0,0,0,0,0,0,1,0,6
13538,Shalimar,-2,-1,0,-1,0,-2,0,0,0,0,0,0,0,0,0,1,0,0,0,0,0,7
13617,Angel,-1,0,0,-1,0,0,0,1,0,0,0,0,0,-2,0,1,0,0,0,0,-1,7
13617,Aromatics Elixir,1,-2,-2,-2,0,-2,-2,-2,0,-2,0,0,2,0,2,-1,2,2,2,2,-1,1
13617,Chanel N5,-2,0,-2,0,0,0,-2,0,1,-2,0,-1,2,0,0,0,1,0,0,0,-2,3
13617,Cinema,-1,0,-2,0,0,0,-2,0,-1,0,-2,-2,-2,0,0,-1,0,0,0,1,-2,7
13617,Coco Mademoiselle,-1,0,0,0,0,0,0,-1,0,0,0,0,0,0,0,0,0,0,0,0,0,9
13617,J'adore EP,-1,0,0,-2,0,-1,0,0,0,0,1,0,-1,0,0,0,0,0,0,0,0,7
13617,J'adore ET,0,0,0,0,0,0,0,1,0,-1,1,0,-1,-1,0,0,-1,0,1,0,-2,6
13617,L'instant,0,0,-1,2,0,1,-1,1,0,0,-1,0,1,0,0,0,0,0,0,0,1,6
13617,Lolita Lempicka,-2,-2,-1,0,0,-2,0,0,0,-1,0,0,0,0,1,0,-1,0,0,0,-1,6
13617,Pleasures,-1,-1,0,-2,0,-2,0,-1,0,-2,0,0,-2,-2,0,0,0,2,2,0,-2,4
13617,Pure Poison,0,-1,1,0,0,0,0,-1,0,-1,0,0,0,0,0,-1,0,0,0,0,-1,8
13617,Shalimar,-2,-2,-1,-2,-1,-2,-2,1,-1,-1,1,0,2,1,0,0,1,0,0,0,0,2
13618,Angel,0,0,0,0,0,0,0,0,0,-1,-1,1,-1,0,0,0,0,0,0,1,0,7
13618,Aromatics Elixir,2,0,0,0,0,0,0,0,0,-1,-2,0,1,0,-1,-1,-1,-1,-2,0,1,7
13618,Chanel N5,2,2,-2,2,-2,2,-2,1,-2,-2,-2,-2,-1,-2,-2,-2,0,-1,-1,0,1,2
13618,Cinema,0,0,0,0,0,0,0,0,-1,0,0,0,0,-1,-1,0,-1,-1,0,0,0,8
13618,Coco Mademoiselle,1,2,-1,1,-1,1,-2,-1,-2,-1,-2,-1,2,-2,-2,-2,-1,-2,-1,0,1,3
13618,J'adore EP,0,1,-1,-1,-1,1,-1,2,-1,-1,-2,-1,-1,-2,-2,-2,-2,-1,-2,-1,1,3
13618,J'adore ET,1,1,-1,2,-1,2,-2,2,-1,-2,-2,-1,1,-2,-2,-2,-2,-2,-1,-2,1,6
13618,L'instant,1,0,0,1,-1,1,1,0,0,0,-1,0,0,-1,-2,-1,0,-1,-1,0,0,8
13618,Lolita Lempicka,1,0,-1,0,0,-1,0,0,0,1,0,-1,-2,-1,-1,-1,1,-1,-2,0,-1,7
13618,Pleasures,1,1,-1,0,0,1,-2,0,-1,-1,-2,-1,1,-2,-2,-1,-2,-1,-2,-2,2,6
13618,Pure Poison,1,-1,-1,1,-1,-2,-1,-1,0,-1,-1,-1,-2,-2,0,-1,0,-1,-1,1,-2,6
13618,Shalimar,1,-2,-2,0,1,-1,-2,-1,0,-2,-1,-2,0,0,-2,0,2,-2,-1,1,-1,7
13645,Angel,-2,-2,-2,-2,-2,-2,-2,-2,-2,-2,-2,-2,-2,-2,-2,-2,-2,0,-1,-2,-2,7
13645,Aromatics Elixir,-2,-2,-2,-2,-2,-2,-2,-2,-2,-2,-2,-2,-2,-2,-2,-2,-2,-1,-2,-2,-2,5
13645,Chanel N5,0,0,-2,-2,-2,-2,-2,-2,-2,-1,-2,-2,-2,0,0,-2,-2,0,0,-2,-2,8
13645,Cinema,0,-2,-2,-2,-2,-2,-1,-2,-2,-2,-2,-2,-2,0,0,-2,-2,0,0,-2,-2,7
13645,Coco Mademoiselle,0,0,-2,-2,-2,-2,-2,-2,-2,-2,-2,-2,-2,-1,0,-2,-2,0,0,-2,-2,7
13645,J'adore EP,-1,-2,-1,-2,-2,-2,-2,-2,-2,-2,-2,-2,-2,-2,-2,-2,-2,-1,-1,-2,-2,6
13645,J'adore ET,0,-2,-2,-2,-2,-2,-2,-2,-2,-2,-2,-2,-2,0,0,-2,-2,0,0,-2,-2,6
13645,L'instant,-1,-2,-2,-2,-2,-2,-2,-2,-2,-2,-2,-2,-1,-2,-2,-2,-2,-2,-1,-2,-2,7
13645,Lolita Lempicka,-2,-2,-2,-2,-2,-2,-2,-2,-2,-2,-2,-2,-2,-2,-2,-2,-2,-2,0,-2,-2,5
13645,Pleasures,-2,-1,-2,-2,-2,-2,-2,-2,-2,-2,-2,-2,-2,-2,-1,-2,-2,-1,0,-2,-2,8
13645,Pure Poison,0,-2,-2,-2,-2,-2,-2,-2,-2,-2,-2,-2,-2,0,0,-2,-2,0,0,-2,-2,8
13645,Shalimar,-2,-2,-2,-2,-2,-2,-2,-2,-2,-2,-2,-2,-2,0,1,-2,-2,0,0,-2,-2,5
13648,Angel,1,0,-1,0,0,1,0,0,1,0,0,1,0,0,0,0,0,0,1,0,-1,5
13648,Aromatics Elixir,2,1,2,1,2,2,-1,-2,0,0,0,-1,2,0,1,-2,-2,-2,1,2,-2,4
13648,Chanel N5,2,-2,-2,-1,0,2,-1,-2,1,-2,0,0,2,-1,0,-1,1,-1,2,-1,-2,1
13648,Cinema,0,0,0,0,-1,0,0,0,0,0,0,0,0,0,0,0,0,-1,0,0,0,6
13648,Coco Mademoiselle,1,0,-1,-1,0,1,0,0,0,0,0,0,2,0,0,0,0,-2,0,0,-1,5
13648,J'adore EP,0,0,0,0,0,0,0,0,1,0,0,0,0,0,0,0,0,-1,1,0,0,6
13648,J'adore ET,2,2,-1,1,-2,2,-1,-1,1,-2,-2,-1,2,1,2,-1,1,-1,0,0,-2,2
13648,L'instant,0,1,0,0,0,0,0,0,0,0,-1,0,0,0,0,0,0,-1,0,0,-2,6
13648,Lolita Lempicka,0,0,1,0,1,0,-1,0,0,-1,-1,0,1,0,0,0,1,-1,1,-1,0,4
13648,Pleasures,2,0,0,1,-1,1,-2,0,1,-1,-1,0,1,1,0,0,0,-2,2,0,-2,6
13648,Pure Poison,2,-1,0,1,-1,1,0,-1,1,1,-1,0,2,1,1,1,0,-1,0,2,-2,4
13648,Shalimar,2,-2,0,-2,0,2,-2,0,2,0,-2,-1,2,2,0,0,1,-1,2,2,-2,2
